        4997
         111
         699
           1
          44
         311
           4
          60
         403
          27
         396
         209
          62
         272
         125
          43
         969
         140
           8
         166
         199
          32
          68
         199
         139
         321
          39
          61
         455
         678
          51
           7
         301
         100
         172
          17
         194
         555
          41
          32
         224
         202
           1
          28
         431
         707
         371
          55
         106
         394
         139
         144
         157
          38
         366
         154
         409
        1081
          34
          50
          20
         234
         239
         233
         327
          63
         199
          85
          57
          88
         933
         403
         482
         280
         247
         191
         425
         364
         102
         215
         472
          30
         447
         366
         221
         354
         237
         205
         381
         347
         313
         488
         370
         500
         493
         256
         232
         151
          77
         134
        1303
          70
          38
          31
         139
         337
          14
         177
         111
         270
         222
         227
          18
         215
         218
         128
          27
         207
          45
          99
         127
         161
         310
          50
          97
          95
         551
         133
         242
         145
          15
         247
         103
          38
         927
          14
         254
          40
         232
         231
         210
         115
          97
         205
         206
          99
         168
         181
         332
          21
         313
         290
         231
         168
         342
          47
          67
           4
         225
         210
         128
          25
         326
          80
         388
         126
          77
         517
         225
         398
         802
         170
         347
         416
         289
         157
         307
         206
         398
         216
          90
          45
         307
         215
          66
         179
         142
         289
         182
         416
         135
         237
         445
         346
         485
         302
         317
         291
         228
         197
         341
         433
         125
         573
         374
         155
         320
         299
         138
          56
         247
         274
         219
         217
         340
          68
         179
          44
         232
          50
         206
         141
         407
         315
          66
          37
          73
          76
         131
          42
         305
          37
         162
         902
         174
         107
         154
         196
         340
         300
          65
         480
         589
         153
          61
         291
         386
         237
          19
          48
          29
          67
         117
         235
         311
         229
         250
         127
         443
         217
         197
         836
         459
          51
         272
         527
         261
          53
         677
         384
          47
         133
          29
          56
          85
          22
         169
         133
         167
        1055
         170
          54
         352
         198
          21
         507
         739
          96
         377
         105
         292
         261
         402
         425
         259
           5
         493
         344
         304
         168
         101
          56
         258
         479
         872
         446
         175
         153
          64
          28
          90
         506
         291
         381
         246
         654
         244
         310
         320
          66
         109
         196
          25
         294
         708
         229
          31
          50
         113
         773
          23
         511
         147
         302
         336
          38
          93
         177
         201
          96
         274
         588
         305
          43
         230
         420
          98
         193
         259
         492
         239
         217
          47
          78
         223
         636
         504
         105
         156
         319
         111
         282
         225
         144
          32
         425
          71
         390
         279
          84
         151
          32
          91
           9
         154
         110
         299
          65
         887
         120
         207
          69
         180
         247
         220
         150
          22
         392
         631
         275
         606
          97
         214
         236
         338
         227
         296
         167
         220
         142
          56
          18
         207
          64
           5
          60
         359
          64
          65
           8
         221
         184
          66
         370
          87
          38
         252
         848
         189
         318
          32
          50
         272
         195
         305
         374
         197
         322
         243
          99
         148
         399
          61
         475
         299
         187
         166
          12
         238
         404
         595
         243
         280
         212
         181
         119
         569
         267
         312
         153
         231
          45
         417
         195
         610
         790
         163
         236
         218
         497
         351
          41
         299
         367
         160
         146
          84
         204
          34
         241
         391
          60
         523
         706
         476
          44
         131
         122
          37
         678
         102
         111
         594
          52
         134
         421
         333
         197
         177
         100
          42
         722
         253
         345
         163
         394
          83
          40
          58
         183
          98
         495
         183
         231
         185
         367
          52
         193
         789
         186
         412
         535
         103
         114
         287
         166
         592
          61
         268
         165
         445
          63
         809
          57
        1038
          56
          89
         435
         121
          97
         708
         353
         271
         204
         383
         142
         122
         195
         297
         265
          29
          62
         102
          87
         193
           3
         148
         395
           5
         272
         150
         285
         621
          22
         424
         194
          83
         260
         460
          82
         160
         221
         141
         150
         151
        1144
         243
          63
          37
         205
          38
         233
         112
          87
         107
         389
         871
         120
         319
         819
          58
         131
         310
         390
         136
         163
         142
         136
         450
         219
         203
          80
          48
          49
         405
         287
         102
         130
         192
           8
         223
         255
         123
         284
         162
         257
          98
         386
         359
         213
          30
         153
          17
         649
         183
          94
         316
         257
          54
         320
         138
          61
         524
          71
         133
         187
         169
         540
         211
         620
          29
          95
         145
          27
          71
         120
          57
         236
         135
         222
         790
         109
          92
         451
          36
         111
         112
         419
         771
          61
         776
          69
         326
         338
          30
         237
         122
         156
          66
         534
         165
         549
         253
          89
         227
         223
         184
         254
        1094
         433
         295
          63
         234
         373
         241
         230
         509
         117
         173
         327
         233
         294
          84
         298
         236
         125
         296
         506
         139
         315
          94
         229
         142
          34
         117
         525
          52
         425
         177
          65
         231
         431
         295
          84
         312
          19
         130
         229
         149
         130
         304
         367
         229
         466
         170
         737
         160
         122
         249
         114
         591
         129
         210
         382
         290
         227
         489
          71
         107
          67
         557
          52
         234
         177
         216
          73
          49
         392
          12
         379
         160
         348
         619
         619
          74
          60
         823
         263
         139
         337
         160
         761
         187
         110
          99
         213
         328
         596
         248
         278
         174
          31
          36
         235
         493
         217
         273
         242
         355
         181
         575
         151
         151
         252
         176
         589
         485
         387
          31
         159
         210
         421
         247
          85
         378
          64
          90
         328
         567
          72
         168
         299
         179
         262
        1006
         115
         126
         207
          88
         126
          22
         115
          14
         116
         239
          42
         143
         293
         212
         214
         537
         389
          57
         712
          23
          98
         273
          84
          89
         157
         111
         339
         246
         303
          68
          28
         394
         227
         168
         217
         315
         210
         352
         218
         372
         667
          31
         793
         285
         389
         381
          55
         232
         165
         237
         273
         389
         211
         273
         262
         515
         332
          27
         258
         186
         237
         162
         151
          66
         249
         213
         227
         266
         123
         310
         569
         184
         246
         318
          65
          41
          40
         355
         201
         131
          38
         318
         280
          58
         225
         391
         288
         202
         347
         165
         106
         175
         127
         302
         541
          12
         789
         344
         239
          35
         197
         145
          43
          81
         823
          69
          35
         260
         356
         293
         316
         167
         379
         395
          70
         346
          84
         167
         774
         231
          47
         230
         574
         840
         676
         128
          77
         880
         399
         423
         805
          39
          32
         206
         161
          64
         128
         160
         488
         239
         385
         308
         522
         499
         375
          65
         152
         210
         884
         393
         625
         667
          81
          71
         302
         811
         218
          34
          68
         548
          14
          79
         320
          43
         190
         160
         109
         322
         229
          48
         133
         253
         212
         915
         121
         917
         173
          53
         203
         218
          80
          11
         217
         275
         143
         415
         555
          62
         607
         128
          48
          55
         219
         445
          85
          54
          48
         129
         268
         536
          87
         537
         452
         179
          97
         238
         193
         153
         149
         194
         273
         181
         139
          84
         648
          26
         215
         333
         521
         215
         554
         271
         255
         326
         229
          11
          91
         660
         308
         199
         408
         124
         264
         259
         110
         144
          97
         139
         265
         275
         129
         398
         251
         329
         546
         538
          80
          46
          42
         221
         243
          30
         143
          83
         187
          98
         661
          23
         283
         217
         356
         430
          17
         127
         115
         117
         368
         106
         928
         117
          58
         109
         241
          95
         185
         170
         182
         171
          25
         414
         256
         113
         423
         171
         208
         255
         232
         430
         157
          99
         204
         150
          79
         211
         143
          84
         173
         388
         395
         256
         412
         168
         503
         147
         171
          71
         516
         195
         195
          18
         138
          54
         449
          37
          21
         236
         593
         438
         205
         260
         205
         502
         500
          71
          50
         294
         262
         339
          38
          46
         132
         804
         162
         201
         167
         397
         346
         110
         244
         236
         310
         163
         263
         365
         143
         289
         502
         213
         231
         268
          82
         251
         462
          66
         221
         529
         243
         296
         245
         492
          26
          56
         134
          65
         368
         155
         106
          76
         596
         224
         425
          46
         212
          58
         603
          33
         235
         236
          93
         555
         201
          15
         312
           8
          64
         444
          66
         199
         420
          83
         241
         646
          49
          77
         213
         172
          31
         101
         154
          65
         208
         118
         539
          57
          84
          94
          28
         237
         320
         289
         164
         118
          85
          86
         238
          71
          37
         526
          94
         250
         133
         110
          63
         158
          58
         130
         166
         242
         126
         368
          58
         286
          16
         206
         209
         243
         226
         135
         278
         180
          37
          71
          35
          56
         214
         366
         205
         143
         112
         116
         806
         508
         219
         506
         197
          39
         408
         206
         211
         314
         479
          93
         208
         309
         173
          77
           8
         692
         163
         110
          40
         659
         370
          80
          97
          56
          44
         122
         168
         217
         215
         530
         262
          68
         182
         384
         435
          40
         418
         122
         634
         143
         181
         368
         126
         244
         213
         461
          35
         435
          78
         158
         214
         483
         351
         247
         163
         134
         194
         156
         325
         107
         295
         156
         222
         205
          23
         198
          28
          29
         103
         672
         213
          75
         249
         182
         246
          98
         385
         136
         313
         387
         368
          17
         154
         213
         550
         123
         437
         160
         159
         345
         771
         396
          90
          64
         397
         146
         216
         250
         156
         147
         245
          37
          23
         386
         170
         208
          71
         129
         584
         448
         171
         505
         102
          47
         101
         231
         207
          63
          66
           6
         266
          23
         260
         213
          12
         308
          63
           7
         321
          38
         462
         425
         219
          53
          59
         300
           9
          87
         649
         247
         197
         196
         131
         149
         399
         239
          60
         309
         449
         675
         454
         282
          65
         424
         168
         406
         190
         101
         199
         125
         828
         461
          38
         258
          54
         253
         176
         182
         165
         157
         223
         116
         238
         143
         474
         114
         277
         195
         289
         248
         439
          42
         610
         151
          43
         431
          25
         584
         244
         179
         167
         341
         261
         232
          91
         272
         189
         486
         399
         405
         295
         241
          66
         123
         177
          52
         135
         539
         187
         232
         157
          66
         129
          84
          16
         156
         511
          45
         351
         138
         227
          53
         654
         896
          72
         232
         161
          46
         181
         169
         222
         468
          49
          51
          53
         254
         177
         260
          37
         144
         228
          26
         210
          15
         209
         114
         470
          87
          84
         508
          28
         201
           9
          76
         232
         119
         213
          99
         699
          52
         115
         304
         802
         263
         365
         125
          72
         193
          95
         253
          25
         193
         173
          42
         478
          38
         210
         586
          62
         309
         131
         364
         304
          26
         192
         130
         141
         185
         289
          94
         231
          38
          94
          87
         299
         145
         228
         438
         254
         408
         219
          16
          95
         407
         248
         139
         819
          39
         415
         293
          96
         193
         181
         178
          79
          76
         325
         313
         328
         169
         551
         460
         119
          64
          89
         106
          16
         280
         266
         330
         384
         189
          49
         247
         215
         605
         328
         339
         140
         222
         178
          18
          70
         378
         711
         408
          70
         792
          88
         367
         207
         165
         345
          44
         133
          23
         115
         247
         219
         152
          70
         483
          59
         605
          92
         654
           6
          27
         203
         273
         277
          79
         207
          90
         403
          85
          63
         238
         303
          98
         129
          74
         405
         251
         241
         173
         263
         308
          23
         395
         659
         118
          73
         244
         298
         113
          54
          80
         530
         503
         264
         371
         147
         552
         454
         673
         254
         314
         237
          88
         406
         531
         158
          23
         223
         380
          56
          25
         384
         238
         627
          57
         117
         288
          76
         455
          43
         203
         423
         221
         109
         186
         137
          46
         741
         341
         543
         237
         170
         168
          22
         340
         235
         123
         557
         567
         120
         306
         228
         534
         541
         310
         117
         455
         101
         246
         206
         302
         502
         180
          41
         573
          76
          42
         143
         104
         383
           7
          46
          73
         213
         360
         138
         229
          28
         930
          19
         247
         137
          13
         373
          52
         312
         616
         337
         135
         146
         251
         186
         177
         132
         235
          19
         302
         353
         117
         358
         467
         288
         264
         171
          46
          75
         153
         459
          51
         257
         455
         119
          57
         195
         372
         141
         463
         809
         581
         243
          66
         487
         214
         108
         249
          34
         228
          16
         542
         327
         110
         142
         297
         135
          79
         527
          68
         396
         191
           1
         233
         110
         207
         169
         152
         213
         201
          94
         275
         180
         303
         227
          11
         628
         150
         156
         114
          54
         404
         353
         493
          59
         124
         627
         200
          49
          51
         200
          79
         113
         485
          69
         112
          20
         221
         367
         266
         308
          49
         394
         295
          80
         521
         704
         464
          12
         210
          79
         331
          21
         567
          34
          75
         303
         156
         750
         669
         179
         386
         466
          45
         348
         265
          46
          62
          46
         350
         304
         321
          97
         190
         125
         497
         174
         110
          93
         223
         224
         314
         226
         192
         351
         276
         395
          25
         367
         126
         207
         499
         101
         229
         373
         175
         486
         104
         178
          26
         381
         259
         424
         339
         439
          51
         439
          73
         160
         239
         351
         236
          70
         253
          75
         195
          50
         346
          90
         150
          53
          80
         175
          44
          45
         195
         191
         864
         299
         253
         302
         397
          27
         261
          53
         362
          16
          40
         272
         333
         161
         671
          87
          59
          71
         368
          19
         373
           4
          62
         269
         232
         136
          21
         190
          55
          55
         299
         225
         213
          80
         343
         442
         426
         289
         197
           9
         450
         388
         373
         123
         161
         412
          54
          58
         332
         356
         332
          64
          94
         199
          86
         243
          20
         246
         206
         379
          16
         453
         179
         321
         181
         149
         396
         118
         115
         209
         168
         118
         253
         409
         155
         474
         827
         257
         239
          32
          57
          41
         150
         407
         717
         112
         270
         239
         226
          38
         231
          12
          19
         319
          52
          32
         425
         178
         156
          52
         183
         496
         390
         502
         328
         199
         120
         522
          13
         538
          33
          69
         168
          99
          86
         353
         129
         179
         635
         234
         463
         446
         280
          67
          95
         359
         201
         169
         408
         151
         490
         183
          46
         114
         378
          22
         311
         184
         391
         251
         138
         159
         350
         440
         849
          65
         580
         380
         523
         166
         239
         214
         676
          12
         209
           4
         265
         163
         215
          53
         451
         271
         337
         167
         136
          27
         807
         200
         273
         120
         620
         265
          44
         227
         153
         206
          29
           9
         108
          74
         216
          46
         274
         597
         281
          88
         137
          90
          86
         257
          37
         279
         233
         143
         594
          91
         783
         233
         379
          98
         330
         368
         192
         780
         376
         243
          60
          63
         113
         311
         307
           5
         484
         234
         572
         606
         386
         268
         226
         111
         126
         285
         117
         149
          10
         300
         237
          41
         181
         350
           1
         401
         222
         164
         247
         139
         438
         254
         566
         255
         154
         160
         101
          52
         252
         447
          25
         219
          37
          16
         141
         281
         235
          60
         333
          21
         135
          94
         230
          21
         719
         162
         137
          66
          89
         133
         264
         869
         330
         383
          94
         245
         237
          89
         157
         114
         144
         416
         116
         144
           5
         374
         450
          62
         105
         136
         574
         134
         205
          17
        1002
         368
         139
          93
         154
         126
         453
         168
         442
          32
           5
          64
         569
         210
         243
         362
          98
         225
          52
         649
          75
         352
         142
         148
         110
          36
          37
           3
         433
         211
         250
          29
         152
         400
         160
         262
          17
         849
         336
          37
         492
         542
         145
         441
         221
         247
         440
         240
         435
          57
         296
          74
         318
          89
         166
         163
         212
         194
          41
         399
         164
          62
         257
          72
         193
         377
         275
          47
          41
         168
         145
          53
         389
         108
         516
         230
          85
         320
          75
         304
         589
         181
          83
         165
          60
          48
          83
         236
         208
         529
         119
          88
         145
          34
         263
          29
          50
          24
         291
         151
         207
          45
         346
         247
         153
          39
         152
         268
          74
         366
          15
          67
         228
         189
         307
         644
          56
         224
         348
         204
          81
         327
          75
         259
         241
         262
         223
         209
         206
          58
          54
          13
         172
          99
          37
          47
          81
          40
          61
         248
         221
         280
         119
          58
         209
         330
         416
         407
         434
         314
         205
         346
         303
         421
         183
          45
         107
          89
          74
         295
         512
         237
          52
          59
         272
         413
         443
         104
         126
         217
          63
         214
         240
          50
         229
          63
          95
          95
         210
         228
          60
          43
         238
          70
         105
         405
         127
         141
          20
         262
         124
         435
         139
         276
         800
         364
         387
          48
         939
         555
          73
         210
         335
          64
          89
          97
          38
          48
         245
          97
         252
         343
         496
          70
         111
         243
         193
         249
         199
          12
         213
         365
         167
          84
         152
         101
          68
          52
         106
          72
         511
         125
         388
         148
          43
         738
         198
          68
          76
         151
         580
         117
         182
         148
         145
         557
         207
         105
         165
         213
          47
          87
           4
          97
         313
          82
         162
         482
         315
         126
         523
         349
          32
         302
          39
         266
         151
          58
          72
         470
          70
         105
         907
         231
         518
         245
         228
          49
          55
          89
          40
         316
         141
         494
         103
          38
         192
          63
          61
         115
          38
         163
         174
         608
         516
          36
           7
         355
         177
         175
         254
          30
         233
         283
          72
          78
         434
         660
         196
         203
         238
         118
         456
         463
         365
          97
         151
         164
         265
         124
         278
         201
          68
        1008
         354
         127
         456
         468
         426
          40
         108
         192
         165
          96
         164
          19
         248
         186
         194
          57
         247
         232
         453
         274
         134
         167
        1150
         190
          40
         171
         441
         220
         140
         630
         187
         699
          58
         255
          65
         732
         122
         163
         414
         232
         194
         273
         387
         173
          80
         175
         293
         131
          53
         357
         168
          13
         293
          74
         688
         434
         418
         406
           9
          13
         232
          67
         189
         349
         107
         296
         219
          23
         273
         104
         389
         178
          48
          53
         588
         473
         204
         147
          17
         243
          28
         376
          53
         116
         486
         301
          52
          44
          18
          83
         417
         103
         298
          76
         476
         288
          26
          90
         277
         233
         319
         571
         561
         643
         233
         200
         178
          33
         469
          37
         110
         675
         119
         395
         224
         151
         121
         501
         273
         120
         384
         396
         152
         329
          13
         228
         200
         507
          22
         429
         116
         882
         498
         232
         219
          75
          89
         104
         180
          40
          81
          14
         418
         292
         239
         287
         272
         295
         336
          86
          59
          82
         269
         256
          41
         188
         265
         106
         517
          29
         157
         765
         901
          37
         140
         352
         359
         213
         101
         157
         441
         285
          44
         203
          93
         314
          16
         137
         390
         455
         154
           7
          92
           1
         251
         132
         264
         269
          93
         284
         311
          34
          93
        1094
          76
         156
         247
         265
         103
         938
          47
         290
         234
           5
         691
         463
         601
         116
         231
         193
         664
         237
         244
          33
          20
        1195
          51
          33
         124
         415
         141
          40
          86
          66
         347
         241
          58
         309
         197
         483
          81
         321
         272
          21
         156
         251
          77
         142
          37
         741
         178
          79
         240
          21
         724
          99
         244
         122
          86
         118
         230
         164
          84
         194
          63
         238
         180
         340
         336
         262
         233
          20
         119
         112
         203
          12
         359
        1123
         266
          66
         107
          76
         136
         407
         823
         316
         178
          68
         299
          35
         568
         110
          92
         288
          59
          26
         396
         198
         170
         178
          72
         373
         261
         237
         133
         164
          88
         223
          42
         217
          67
          35
          73
         127
          57
         338
          96
          88
         156
         333
         134
         257
         387
         116
         132
           9
         514
         225
         133
          37
         195
         176
         479
          52
         232
         124
         694
         402
          61
         104
         739
         126
          70
          76
         185
         208
         120
          52
         277
          35
          88
         289
          22
         153
         331
         209
         570
         557
         226
         297
         645
         134
         510
         101
          78
          95
         315
         182
         306
         381
         278
         216
         583
         131
         396
         296
          85
          26
         307
         530
         182
         306
          81
         594
         250
         331
         341
         129
          89
          32
         210
         377
         320
         341
         291
           4
         166
         126
          96
          27
          17
         212
         107
          96
         237
          80
         120
         317
         195
         988
          40
         267
         564
         247
         239
         704
         233
         235
         202
          37
         294
          54
         192
         427
        1042
         205
         182
         588
         216
         566
         338
         231
         514
         205
         534
         251
         119
         252
         231
         108
         195
         168
         103
         237
         148
         103
         299
         116
          97
         129
         265
         119
         191
         104
         221
         128
         179
         168
         268
         121
         318
         306
         225
          48
         165
         198
         273
         174
         197
         180
         165
          46
         249
         136
         239
         200
          14
         461
         222
          14
          77
         189
         180
         300
          63
         209
          40
         140
         395
         100
         220
         225
          20
          88
           1
         326
         209
         200
         327
         102
          92
         539
         252
         236
          50
         359
         158
         190
         107
         338
         174
         253
          84
         301
          49
          31
         836
         326
         218
         310
          95
         182
         232
         505
         138
         319
          91
         237
         134
         364
         154
          53
         209
         126
         675
         244
         112
         181
         227
         114
         105
         319
         107
         207
         170
          75
         483
         243
         138
          64
         209
          60
          56
          93
         298
         249
         421
         375
         206
          62
          13
         214
          40
         549
         155
         106
          83
          27
         399
         138
          36
           7
         115
         158
          16
         268
         633
         321
          16
         421
         187
         443
         112
         247
         314
         249
          71
         186
          95
         526
         299
         121
         599
         382
         307
         762
         209
         404
         117
          50
          74
         137
         130
         829
         198
         205
          33
          19
         338
         377
         123
         629
         301
         370
         733
         227
         207
         103
         188
         153
          67
          22
         635
         205
         221
         365
         260
         296
          93
         258
         836
         178
         123
         372
         252
         615
         136
          49
         423
          70
         197
         275
         438
         443
         235
         331
         177
         320
          57
         100
         170
         151
          87
         100
         201
         224
          27
         388
         255
         119
         108
           9
         266
          71
         204
         391
          93
         223
          49
          39
         280
         168
         352
         127
         718
         203
          88
         134
         404
          10
         387
         134
         234
         135
         315
          74
         223
         166
          54
          18
         386
          63
         216
         272
          63
         194
        1133
          64
         246
          42
         106
         388
         143
         128
         254
          49
         217
         117
         303
          26
         233
         279
          63
         120
         140
         221
         267
         168
         227
         239
         188
           4
         135
         248
          86
         307
          79
         175
         290
         229
         111
         273
         425
          25
         178
         313
         136
         249
         314
         147
         244
         338
          49
         384
         182
         174
         369
          17
         270
         431
          88
         508
         299
         307
         154
         219
         198
         184
          23
         203
          79
         180
         467
         122
         228
          82
         125
         379
          29
         190
          38
         282
          78
         356
         349
          20
          69
          77
         144
         206
         185
         345
         205
         243
         147
         535
         247
         220
          92
         102
         225
         141
         508
         210
          61
         466
          30
         336
          41
         159
          24
          56
         287
          44
         318
         184
         213
         200
         318
         234
         116
         598
         800
          44
          12
          97
          65
         624
          14
          12
         303
          16
         306
         319
         128
         210
         365
         163
         116
         324
         257
          76
         160
         138
         635
          58
         475
         128
         260
          23
         146
         113
         239
         145
          72
         275
         343
          20
         157
         277
         274
          59
         258
         360
         367
         145
         438
         201
         512
         952
         567
         641
         763
         253
         106
          59
         424
         116
          54
         700
         394
         245
         165
          95
          41
         233
         367
         102
         235
          48
         358
         241
          83
         143
          61
         279
         233
         215
         153
         312
         302
         211
         123
         255
         179
         133
         193
         131
         141
         210
         146
          57
         166
         271
         121
         176
         196
         109
         237
         452
          74
         177
         207
          70
          72
         786
         374
         281
         205
          57
         294
          62
          65
         532
         423
         124
          71
         351
         158
         188
         570
           5
         242
          14
         118
         176
         317
         430
          79
         515
          47
          56
         385
         389
         355
         229
         197
         370
         465
          95
         146
         387
          63
         225
         470
         237
          89
         101
          20
         150
         323
         179
          35
         221
         104
         351
          98
         313
         282
         312
         156
         130
          10
         393
         800
           3
         436
         516
         297
         443
         340
         122
         947
          81
         560
         383
         253
         191
         164
          62
         147
         559
         113
         106
         172
         196
         245
         592
          40
         125
         275
         397
         787
         109
         450
         108
         294
          79
           8
         344
          57
          37
          22
         416
         500
         199
         225
          32
         238
         695
          59
         170
         139
         343
         134
         232
         480
         209
         252
         413
         342
         851
         130
         227
         228
         233
         117
         223
         293
          82
          79
          78
         219
         155
         780
         214
         507
         116
         185
         185
          92
         325
         129
          11
         132
         197
         138
         282
         303
         193
         187
          68
          57
         270
         241
          73
         206
         222
         255
          80
         343
          90
         188
          65
         233
         361
         145
          93
         142
         195
         104
         702
         249
          90
         228
         135
         243
          58
           8
         231
          97
         164
         533
          27
         267
          85
         112
         156
         275
         185
         992
         372
         223
         303
         170
         251
         133
         343
          36
         351
         157
         435
          50
         219
         115
         164
         275
         239
         155
         377
         529
          55
         142
         112
         382
          71
         611
         231
         376
         241
         276
         115
         181
         180
         342
         513
          95
         359
         274
          65
          28
         175
           4
         232
         303
          69
          37
         141
         272
         404
         269
          71
         500
         115
         140
         518
         337
         289
         212
         324
         139
         433
         248
          57
           9
         119
          64
         759
         724
          66
         174
         218
         358
          98
         138
          34
         295
         613
         347
         363
          69
         207
         145
         322
          15
          60
         436
         586
         142
          54
         507
           5
          62
         278
          96
         161
         229
         214
         204
         144
         268
          79
          85
          70
         231
         484
         127
         128
         341
         257
         178
         123
         247
          76
         142
         236
         273
         284
         599
         266
         216
          57
         248
          40
         267
         133
          46
          77
          58
         173
         562
         248
          46
         297
         371
         455
         126
         621
         154
         286
           1
         432
         279
          14
         134
         296
         170
          71
         153
         335
          60
         221
         262
         185
          45
          28
          93
          91
         154
         117
         190
          71
         191
         210
         600
         235
          69
         134
         277
          53
         207
         210
           7
         301
         123
         296
         447
          49
          46
         312
         289
          92
         235
         543
         173
         122
         289
          26
         142
         224
         501
         218
         657
          55
          13
         244
          24
         596
         138
         155
         202
         205
         199
         216
         358
          90
         355
         297
         129
          34
         266
         306
          18
         217
         296
          13
         375
         221
          29
          84
         105
         114
         250
         230
          91
          36
          45
         239
         874
          67
          51
        1099
         293
         241
         157
          46
          51
         219
         193
          88
          93
         252
           5
         278
         335
         396
         290
          90
         579
          46
         787
         205
         185
         206
         366
          12
         405
          55
         226
          97
         206
         105
         577
          71
         264
          91
         219
         156
         300
         133
         241
          49
          49
         237
         358
         218
         331
         271
         120
          99
         225
         174
         212
         375
         420
         341
         166
         101
          89
         189
         302
         229
         138
         375
         104
         863
         237
         197
          43
         557
         126
         130
          84
         276
          91
         597
          53
         377
         149
         152
         448
          26
          32
         301
         251
          68
          30
         540
         141
         225
         233
         331
         102
         394
          52
         384
         195
         308
          65
         277
         472
          14
         287
          50
         185
         147
         371
         107
         409
         267
         157
         540
         280
         313
         241
         184
         212
          97
          37
          19
         325
          84
         372
         236
         179
         477
         100
         108
         135
         141
         381
         201
         167
         363
          94
         147
          30
         443
          41
           7
         416
         180
         287
         335
          96
         259
         335
         565
         374
         238
         160
         276
         696
         105
          42
          95
          16
         469
         124
          90
         266
          26
         197
         288
         562
         196
          18
          57
          58
          54
          93
         438
         245
         136
         910
         145
         339
         169
          83
          66
         171
         577
           7
          12
         234
           3
         188
         271
          33
         181
          90
         190
          55
         180
          15
         342
         453
         193
          53
         168
         153
         181
         267
         227
         203
          12
          57
         217
         341
         226
          80
          33
         301
          91
         466
         171
          25
         792
         249
         168
         546
         619
         139
          98
         320
         116
          44
          35
          75
          59
         365
         110
         324
         157
          65
          99
         419
         215
          46
          67
         351
         133
         398
         385
          77
         249
         119
         235
          82
         148
         223
         183
         154
          62
         429
         101
         515
         252
          34
         453
         251
         109
         456
         219
         183
          85
         276
         182
         245
          20
           8
         238
         148
         216
         145
         190
         307
         183
         244
         146
         236
         269
         169
         131
         226
         210
         271
         165
         289
         421
         231
          57
         639
         200
         156
         175
         199
         154
         328
         123
         398
         469
         434
          48
         596
          17
         262
         245
         205
         180
         411
         322
         188
         788
         733
         299
         213
          24
         229
         122
         202
         373
         159
         174
          24
         384
          86
         624
         824
         201
         225
         268
         489
         134
         348
         916
         183
         419
         234
           1
         210
         178
          61
         183
          50
         159
          55
         360
          54
         303
         103
         271
         244
          18
          39
         472
         120
         234
         231
         117
         197
         163
         330
         243
         711
         153
          24
         374
         194
          35
          35
         267
         441
          36
          52
         140
         127
         576
          63
         114
         833
          48
         383
         381
         160
         366
         208
         159
         597
          35
          20
         283
         168
         240
         709
          66
          66
          99
         322
         338
         231
         164
         151
         222
         486
         199
         148
         354
         240
          31
         345
         274
         206
         175
         524
          56
         441
         143
          20
         217
          73
         112
         220
         233
         165
         742
         194
        1161
         361
         286
         259
         107
         211
         368
         224
         167
           3
         694
         202
         445
         234
          72
         116
          22
         130
         542
         378
         219
          72
         530
         219
          94
         206
         169
         501
         259
          25
         149
         437
         181
          20
         134
         183
         304
           6
         325
          76
         227
          12
         398
         129
          81
         243
          43
         175
          83
         197
         126
         215
          83
          53
         338
         327
         560
           1
         525
         137
         150
          53
         114
         159
         129
          36
         327
          77
         578
         269
         368
         303
          71
         132
         147
         112
         178
          78
         208
         283
           4
          82
         604
         148
          89
         138
          14
         449
          98
          22
         403
          90
          88
         255
         205
         174
         395
         185
         243
         201
         244
         144
         239
         189
         181
         741
          46
         232
         310
         239
         186
         153
         122
         697
         285
         318
          43
         687
          33
         447
         297
         113
          27
         153
         232
         351
         132
          19
           4
         182
         108
         519
         103
         789
         166
         145
          54
         364
         319
         101
         449
         129
         452
         142
         335
         124
         420
         731
         126
         348
         381
         128
         319
         137
         146
          75
          74
          22
         373
         235
         457
         419
          27
         235
          55
         210
         148
         222
          86
         150
         121
         795
         396
         186
         127
         317
         263
         166
          74
         112
         185
          73
         251
         267
         174
         285
         357
          95
         211
         185
         214
         566
         319
         131
         107
          45
          60
          55
         183
         542
          30
         334
         136
         424
         633
         434
          53
          52
         221
          57
         312
          68
         751
          59
         368
          79
         461
         173
         132
         316
         214
         259
         122
          78
         206
          77
         108
          67
         294
           2
          73
          86
         199
         388
         388
         107
         217
         230
         111
          33
         951
          54
         305
         207
         201
         131
         384
         263
         542
         783
          10
          16
         157
          85
         151
         187
          40
         389
         351
          57
         448
         684
         253
         629
         208
         107
         159
         189
         499
          28
         257
         321
         304
         282
         103
         431
          33
          14
         145
         339
         133
          97
         236
         248
         277
         225
          80
         206
         135
          32
         717
         167
          67
          50
         251
         127
         313
         285
          95
         105
         124
          26
         148
          90
         257
          77
          65
         375
           9
         164
         187
         484
          22
         187
         399
         106
         425
         282
         208
         279
         307
          92
         448
         311
          12
          44
         243
          22
          48
         446
         166
          65
         556
         185
         176
         108
         150
          49
         279
         374
          59
         137
          90
         131
         311
         219
         184
         395
         269
         391
         135
         315
          77
         520
          28
          97
          63
         116
         323
         153
         207
         189
         148
         306
         261
         229
          95
         399
         151
         690
          60
         151
         153
          19
         231
          23
         285
          38
         276
          56
          97
         289
         463
         195
          71
         469
         106
         426
         961
         138
          48
         344
         271
          75
         269
          89
         142
         244
         186
         230
         217
          67
         333
         364
         263
         216
         203
         112
         448
         249
         440
         294
         329
          34
         127
         215
         121
         377
         183
         477
          93
         418
         385
          96
         437
         193
         184
         203
         729
         165
         231
         151
         146
         515
         174
          84
         301
         471
         116
         136
         100
         265
         180
         161
         399
         223
         383
          82
          95
          77
         139
         166
          42
          56
          73
          62
         202
        1092
         216
         238
         328
         109
          57
         579
         457
         387
         632
          67
         468
         221
         175
          33
          36
          38
         471
         157
         125
         114
         159
         531
         314
          63
         155
         397
         224
         131
          24
         131
         596
        1308
         108
         668
         396
         161
         649
         301
         143
         229
         322
         205
          76
         164
         218
         305
         183
         500
         252
          57
          34
         107
          62
         216
          91
          26
         371
         171
         264
         225
         130
         117
         213
          57
         149
          86
         116
         195
          54
         109
          26
           9
         268
         224
         191
         200
         275
         356
         315
         909
          84
          26
         164
         148
         344
         304
          95
         110
         287
         215
          20
          65
         236
         316
         269
         203
         212
          57
         173
          68
         113
         275
         285
         244
         376
         548
         257
          95
          92
          75
          20
        1115
         261
          26
         351
         101
         646
         140
          88
          83
         391
         811
         521
         534
         148
         150
         793
          21
         672
         143
         217
         108
          66
         190
          92
         165
         578
         168
         118
          61
          85
         229
         690
         236
          36
          42
         189
         168
         119
         579
          98
          49
         161
          56
          75
          25
         226
         126
         268
         715
         130
         345
          63
         241
          36
         171
          64
         147
         458
         493
         195
          45
         165
          88
          90
         335
         217
         726
           4
         126
          62
         358
         293
         223
          53
         310
         117
         212
         144
          99
          98
         249
         465
         174
          77
         138
         397
         293
         148
         108
         211
          31
         135
          67
         405
         201
          55
          35
         134
         633
         218
         265
         195
         119
          13
          57
         518
          86
         145
         245
         253
          27
          32
         580
         446
         508
          52
         266
         140
         398
         663
         176
         406
         104
         260
         286
         117
          31
         119
          45
         147
         421
         333
          65
          61
         218
        1727
         177
         154
          98
         154
         274
          22
         425
         237
         394
         204
          36
         293
         369
          22
         123
          99
         258
         261
         197
         564
          47
         371
         350
         362
