        5000
         258
         151
           1
          55
          78
           4
          16
         177
           5
         298
         181
          19
         310
          58
           3
          51
         187
          55
         133
         141
         213
          26
         430
          21
         273
         129
          37
         474
          45
         208
           5
         181
           2
         384
          86
          21
          14
         213
          65
          42
         191
          29
         351
         351
         104
         120
         118
         197
         171
         121
         373
         126
          37
          65
         103
         172
          22
           1
         330
           3
         248
         475
         289
         307
         163
         366
         130
         220
         181
         230
         262
          84
         225
         141
         259
          49
         208
         256
         338
         114
         122
         112
         155
         226
          33
          19
         224
         408
          36
          79
         266
         293
         222
         223
         159
          36
          87
         116
         286
         307
        1012
         217
         230
         171
         193
          70
          30
         197
         162
         230
         503
         174
         146
          63
         339
         287
         101
         339
          35
          88
          62
          44
         183
          40
          95
          72
         243
         194
         151
          63
         289
         191
          37
         125
         232
          52
         201
         338
         252
         202
         149
         535
          63
          21
         428
          97
         156
          71
          58
         301
         201
         260
         342
          30
         410
         110
          51
          97
          36
         209
         407
         122
         248
         203
          59
         139
          44
         177
          95
         177
         234
          73
         269
         312
         270
         352
         179
         255
          96
         273
          93
         307
         270
         290
         272
         629
         173
           2
          59
         234
          28
          92
         195
         177
         168
          22
          37
         161
          51
         168
         432
         135
          56
          74
         120
         140
          47
         118
          77
         302
         205
         168
         114
          77
         274
         181
          83
          68
         172
          42
         173
         337
          91
         291
          97
          49
         159
         245
         124
         106
         165
         257
          88
         219
         238
          96
         165
          63
         173
         121
         225
          83
         268
          22
         251
         155
         524
         502
         160
         348
         584
         130
          16
         201
          26
         104
         100
          60
         130
         244
         259
         127
         322
         371
           5
         232
          61
         373
         953
         226
         300
         195
         360
         173
         167
          68
          25
         148
          49
         127
         103
         205
         235
         164
          74
          90
         217
         131
         192
         179
          90
         169
          35
          21
         206
          26
         220
         157
         126
         591
          78
          75
          97
         117
         114
         223
         128
         372
         332
          54
          55
          40
          59
          52
         245
         155
          97
         364
         193
         188
         209
         314
         146
         207
         212
          95
          40
         223
         161
          61
          81
          39
          61
          82
          35
         181
          48
         199
          36
         112
         148
         135
         143
         171
          36
         119
          25
         203
          43
         153
          78
          72
          41
         120
          85
         173
         113
          86
          67
         125
         110
           4
          34
          82
         193
         162
         150
         243
          91
         121
         415
         233
         184
         193
         161
         175
         313
         243
         374
         233
         269
         175
          39
         594
         181
         179
         171
         594
         302
          62
         449
         147
          66
         407
         196
         128
          83
          86
         324
         394
         112
         347
         143
         543
         112
         183
         219
         730
         173
         247
          91
         191
         143
         448
         179
          28
         174
         126
          43
         448
         126
          70
         174
          30
         225
         351
         317
         171
         494
         119
          48
         190
          69
         244
        1081
         153
         188
         173
         226
         103
         296
          33
         138
         134
         340
         551
         179
         127
         287
         111
         358
         167
          48
         104
         162
         139
         185
         192
         257
         285
         193
         141
         412
         293
          75
         187
         156
          59
         280
          82
          32
         168
         217
         137
          91
         251
         125
         165
         236
         322
          54
         246
          32
         448
         166
          34
          63
         231
         286
          19
         255
         215
         239
          78
          95
          64
         183
         144
         210
         391
          64
         203
         527
           8
         178
           3
          63
         146
         173
         480
          50
         223
        1555
          18
          52
         226
         121
         171
         301
          27
         489
         302
          67
         230
          72
         227
         256
         153
         224
         227
          43
           5
         193
          82
          15
          33
          52
          49
         256
          95
         280
         119
         103
          49
         181
          86
         175
          19
         234
         157
         192
          60
         168
         216
         191
         823
         671
         135
         183
          43
         145
         106
         212
         205
         184
         253
         117
          61
          71
          22
         251
         110
         229
         534
         303
         318
         187
         271
         162
         281
         393
          45
         339
         281
          71
         319
         157
           3
         758
         163
          92
          17
         171
         504
         337
         155
         130
          32
          45
         183
         629
         368
         160
         105
          31
         271
         350
         328
         313
         480
         167
          35
          44
         144
          50
          86
         243
         272
         152
           3
           5
         172
         163
         257
         187
          49
          79
         189
          97
         265
         250
         233
         548
          70
         128
         383
         132
           4
         108
         120
          22
         333
         375
         405
          63
         109
         217
         120
         244
         262
         231
         135
         221
         145
         216
         481
         195
          47
         232
         134
         189
         119
         181
         119
         164
          29
         239
          96
         161
         114
         137
         199
          47
         105
         146
         341
         180
          36
          79
          76
         148
         106
         232
          73
          70
          42
          56
         112
         179
         128
         545
         125
           6
         177
          33
         217
         105
         213
           1
         187
         109
          81
           2
         228
         255
         143
         242
         267
          56
          59
         197
         151
         227
         273
         147
         199
         188
         183
         191
         325
         873
         192
         297
         251
         343
         169
          35
          25
         155
         331
          48
          50
         171
          45
          94
         158
         372
         184
          64
         462
          30
          42
         323
         148
         190
         237
          14
          12
         550
          80
         165
          60
         227
         235
         224
         151
         189
         375
         235
         172
         315
         152
          29
         165
         158
         143
          25
         139
         101
         110
         655
         363
          59
         226
          80
          16
         120
         207
         302
         235
          86
         137
          56
         177
          40
         202
         384
         247
          27
         821
         339
         366
          30
         117
         156
         354
          50
         272
         427
         179
          78
         191
         572
         167
         254
         132
         167
         191
         547
          78
          46
         254
          85
          41
         291
         108
          50
         257
         177
         158
         124
          70
          70
         190
          83
         177
         201
         185
         324
         360
         197
         100
         285
         228
         101
          91
         191
         321
         221
         204
          88
         219
         130
         107
         376
         355
         185
         145
          33
          76
          20
         264
          87
         252
         122
         105
         594
         220
         288
          60
         284
         135
          66
         232
          62
         185
         134
         356
         119
          55
         203
          83
         223
         169
          51
         412
         175
          37
          68
         162
          81
         231
         189
         167
         360
         263
          80
         352
           2
          81
          77
          64
         126
         119
          37
         241
          43
         218
         290
         266
          26
          66
         324
         624
         296
         139
         143
         461
         185
         163
         167
         266
         509
         248
         295
          49
         271
          47
          60
          95
          93
         190
         238
         225
          63
         168
         196
           2
         822
         129
         312
         333
          54
          72
          68
         251
         153
          30
         200
          60
          62
         202
          28
         219
          31
         183
         464
          77
          79
         116
          95
         307
         154
         231
         398
         162
         157
          71
         584
         395
         318
         160
          97
         552
         195
         283
         144
         137
          63
         304
          29
         385
         177
         281
         225
         324
         335
          90
          88
         177
         135
         145
         228
         293
         159
          30
         112
         209
         172
         883
         190
         197
          16
          55
         319
         336
          65
         162
         493
          83
         139
         562
         267
         339
          97
         132
         186
         211
         278
         128
         151
          40
         402
          27
         130
          40
          70
         271
         180
         362
         193
         312
         786
         313
          40
         281
         183
          73
         131
          34
         358
         509
          48
         228
         221
         171
         153
          26
         121
         136
         364
         172
          38
         282
          87
         167
         107
          53
         349
         141
         235
         278
         159
         183
         149
          26
         166
         120
          36
         202
         163
         114
         465
          68
          30
         191
         133
         165
         138
         380
         138
         264
          16
         344
         586
         219
         120
         164
          39
         430
         203
         272
         143
         148
          99
         132
          92
         146
         421
         313
          91
         311
         128
         101
         192
          10
         139
         317
          76
         642
         200
          52
          35
         177
         313
         149
         185
         477
         175
         316
         252
         220
          81
         118
           9
         327
         265
         333
         205
         228
         104
         139
         146
          64
          62
          40
         210
         296
         166
         189
         183
         155
         427
         438
         329
         157
         111
          78
          40
         179
         100
         262
         109
         148
          52
         152
          85
          66
         178
         127
          59
          99
         238
         153
         171
          75
         183
         357
         175
          20
         218
         292
         262
         109
         149
         570
          61
         251
          70
         244
         153
          42
         212
          54
          32
         346
         172
         278
         494
           8
          53
         111
         522
         304
          47
         189
         143
         233
         189
           8
         226
         185
         443
         449
         188
          46
         151
         540
         523
         242
         375
          69
         630
         152
          86
         259
          24
         603
         124
         161
         134
         202
         116
         191
          83
         231
         276
          72
          80
          91
           4
          85
         444
         298
         252
           9
         310
         218
          90
         158
          40
         210
         181
         620
         283
         150
         182
         281
         676
         352
          99
         187
         423
         249
          36
          70
         260
          88
         216
         396
          14
         123
          83
         463
          46
         183
         147
         620
          82
          34
         239
         224
         109
          58
          32
         154
         159
         244
          17
          66
         177
          17
         407
         339
         350
          91
         139
         150
         442
         210
          60
          10
         137
          21
         193
         155
          34
         268
         101
         162
         168
         109
         124
          28
         556
          92
         137
         182
         209
         283
           6
          40
         308
         173
         219
          80
         202
         205
          35
         175
         149
         413
         114
         314
         200
          93
         404
          47
          57
         290
         179
         429
         106
          90
          32
         124
         257
          18
         120
         133
          88
         191
          23
         217
         146
         340
          24
         112
         147
          41
          85
         558
         163
         206
         102
         187
         162
         687
         374
         133
         102
         319
         165
         122
         203
          29
          33
         192
         133
          95
           1
          97
         167
          44
         254
         251
          88
         219
         143
         279
         100
         123
          43
         161
         179
         204
         273
          81
         381
         137
         201
         195
         403
          76
          85
         286
         116
         240
         170
          21
          56
         204
         219
         297
         144
         320
          70
         114
         150
         284
          39
          57
          28
          93
         167
         276
         317
         215
         136
         105
          71
         242
         121
         203
          78
         314
         191
          52
          59
          46
          67
         133
         122
         549
         315
         269
         263
         114
         343
          27
         131
         296
         190
          54
         120
         187
         330
         163
         155
         226
         220
           7
         106
         212
           3
          59
          52
         199
         309
          77
          44
         181
         267
          20
          40
           2
         199
         137
          26
         112
         100
         165
         340
         430
         124
         474
          18
           5
         269
         112
         240
         191
         135
         248
         232
         332
         145
         341
         450
         189
         263
          10
         530
          46
         251
         322
         179
          12
         291
         147
         173
         203
         262
         122
         165
         508
         146
           2
          94
          48
         528
         359
         313
          15
          98
         221
         217
         115
         157
         216
         191
          58
           9
          42
         983
         109
         268
         157
         142
         307
         185
         105
         117
          37
          93
          45
         177
         101
         190
         215
         270
          70
          52
          31
          14
         207
         214
         222
          65
          84
           5
         220
          57
         554
         305
          70
          46
          45
         298
          49
         357
         661
         180
         241
          78
          37
         139
          25
         143
         315
         324
          17
         125
         153
          67
          91
         117
         130
          92
         139
         261
         233
         107
          14
          57
         325
         620
         200
         130
          74
          79
         110
         237
          57
          62
          75
          69
         116
         197
         380
         177
         285
         216
         673
         118
         165
          26
         104
         168
         156
          19
         136
         516
         255
          88
         257
          61
          81
          83
         280
         108
          33
         222
         143
         591
         163
         235
         239
         267
         198
         209
         134
          81
         200
         326
          37
         326
         136
          17
          59
         160
         184
          25
         149
         152
         189
         418
         145
         185
         122
         394
         155
          99
         226
         157
          84
         198
          62
         167
           7
         437
          13
         187
         265
         173
         281
         288
         186
         227
         173
         172
         187
          56
          29
         189
         123
         191
         171
         220
         199
         133
         258
         145
          85
         334
         241
          73
         215
          52
         144
          52
          80
         129
         479
          66
          48
          15
         122
         150
          59
         149
          23
         554
         287
           8
           2
         195
         397
         226
         274
         196
         115
         189
         137
         307
         327
          17
         195
          34
         353
          36
         179
          24
         132
         137
         216
         119
         276
          62
         292
          64
         223
         181
         153
         156
         127
         381
         185
         246
         156
         113
         128
         207
         119
         623
         105
         157
          87
         245
         245
          48
          52
          30
          44
         138
         214
          54
         248
         297
          67
         449
         168
         184
          13
         165
         171
         397
         190
         211
         450
         204
         173
         160
         155
          80
         245
         184
         205
          49
         162
         113
          40
         484
         274
         359
         111
          54
         346
         228
         221
         320
         271
          47
         370
         183
         160
         175
         588
          64
          20
          88
          65
         229
          70
         249
         103
         352
           8
          89
         325
         254
          93
         250
         284
          46
         429
         305
         326
         187
         126
         294
         330
          99
         212
         155
         268
         295
         189
           5
         255
          98
         161
         126
          35
         195
          67
         407
          80
         197
         220
         141
         457
          90
         304
         148
         183
         180
         361
         139
         397
         201
         382
         205
         195
         749
         345
         189
         100
         226
         271
         187
         222
         140
         144
         200
         369
          13
         187
         339
         227
         172
         176
         119
          75
         128
         142
         136
         123
         142
           6
          92
         189
         195
         305
          24
          35
         242
         103
         305
         319
         191
         455
          94
          30
         132
          14
         182
         141
         569
          44
         124
          60
          15
         206
           4
         161
          84
         330
         105
         212
         161
         225
         167
         242
         161
         232
         167
          28
         101
          37
         165
          65
         161
         252
         167
         125
         359
         600
         333
          88
         173
         677
          34
          35
          46
         258
         269
          42
         212
          51
           9
          46
         215
         229
         380
         270
         177
         215
         172
          71
         315
         170
         189
         344
          76
         152
         542
          20
          41
         112
         227
         129
         126
         240
         100
         130
         180
          88
         284
         161
          80
          36
         246
         233
           8
           9
         175
         176
         187
         203
         105
         367
         173
         233
         221
          79
         244
         485
         174
         206
          24
         189
          50
          26
         289
         172
         149
         207
          44
         225
         218
         192
         166
         208
          68
         297
          45
         857
          72
         167
         189
         155
         199
         247
         122
         303
         212
         238
          63
          93
         571
          26
         161
         147
         241
          99
         257
         199
         229
           2
         348
         137
         199
         685
         313
          16
         187
         285
          90
         122
         201
         199
         280
          86
         259
         155
         460
         182
         229
         228
         213
         234
          88
         193
         141
         113
         398
          20
         182
         385
          85
         161
         182
         108
         107
         137
          62
         316
         231
          18
         352
         382
           7
         167
         179
         657
         236
         181
          77
         228
         297
         183
         433
          95
          72
          56
         135
         136
         119
         175
          64
         299
         292
         223
         132
         419
          75
         388
         408
         155
         328
         228
          53
          73
         552
         444
          42
         210
         187
         125
         280
          69
         149
         220
         113
         270
         180
         646
          55
         240
          48
          29
         150
         203
          25
         240
          77
         304
           6
         310
          94
         269
          23
          97
         139
          40
          74
         185
         159
         169
         385
          52
         275
         122
         304
         143
          75
         177
         187
         199
         110
         185
         202
         332
         124
         263
          36
         235
          96
         531
         317
          69
          65
         399
         285
         112
         305
         209
          27
         282
          19
          71
          61
         259
         302
          29
         211
         170
         163
         185
          97
          25
         185
         121
         165
         334
         227
         259
         195
         180
         111
         167
         474
         159
         159
          50
          49
         147
         271
         152
          78
         190
         199
          23
         200
         134
         286
          78
         265
         327
         482
           2
         127
          54
          80
         187
          32
         212
         217
         249
          37
         124
         282
          17
         158
         133
         324
         181
         124
         268
          89
         188
         532
         601
         183
         210
         139
          87
         258
          71
         228
         330
          29
         141
         103
         207
         161
         193
         284
         132
         246
         219
          93
         269
          96
          26
         249
         230
          72
         197
         115
         169
          25
         360
         315
         431
          42
         215
         149
          73
         294
          86
         283
          88
         280
         358
         410
         168
          25
         143
          27
         377
          76
         213
         559
         110
         154
         275
         169
         160
         151
         219
         156
         151
         138
         201
         327
         146
          37
          87
         341
         103
          23
         164
         485
         403
         237
         849
          93
          76
         167
         168
         153
          79
         199
         205
         269
          46
         150
          77
          28
          71
         157
          32
          60
         159
          59
         125
          98
          66
         183
         386
         208
         254
         130
         160
         313
         225
         177
         145
         175
         418
         431
          45
         145
          83
         436
          15
          93
         120
          60
          85
          81
         167
         176
         170
         232
         150
         115
         280
         157
         106
          17
         191
         243
         226
         145
         150
         142
         171
         201
          98
         179
         150
          11
         195
         126
         201
         638
         181
          44
         127
         195
         159
         102
         223
         225
         169
         100
         118
         271
         338
          61
         143
         295
         215
         264
          79
         185
         362
         213
         206
         188
         193
          63
         111
         545
          78
          66
          81
         160
          38
         333
         299
         212
          63
         250
         151
         244
         146
         382
          89
          97
         347
         147
          21
         258
          87
         197
         416
         171
         158
          20
           2
         165
          15
         125
         112
         177
          40
         344
         234
          46
         266
          53
         314
         246
          92
          14
         152
         237
         319
         251
         462
           5
         232
         345
         156
         110
         154
         209
         542
         187
          26
         191
         179
         587
         100
         339
         175
         101
         363
         272
         131
         170
         187
         186
         173
         219
         364
         148
         134
         173
         461
         165
          41
          23
         360
         126
          69
         410
         105
          37
          19
         117
         208
          19
         221
         113
          83
          89
         184
         107
         574
         502
          60
         213
         316
         201
         192
          27
         125
         161
         222
         382
          11
         234
         226
         636
          15
          77
         156
         197
         181
         131
          29
          81
          36
          91
         199
         487
          61
         279
         163
         126
         199
         506
         532
         263
          18
         253
         150
         307
         115
         123
         279
          35
          24
         277
         148
         253
         178
         130
         325
         127
         285
         177
         241
         281
          87
         263
         143
          18
         569
         195
         170
         303
         125
         160
         171
         137
         124
         323
          71
          54
          66
         203
         276
         120
         159
         340
          92
         249
         129
         210
         183
         111
         134
         144
         421
         718
         175
         315
         239
         381
         171
         167
         205
          86
         502
         168
          86
         120
          28
         157
         169
         121
         209
          27
         154
          88
          94
         377
         192
         156
         451
         141
         301
          66
          69
         239
         166
          35
         147
          77
         198
         167
         164
         117
         194
         428
         169
         201
           4
          41
          65
         199
         100
          64
         110
         138
         195
         181
         430
         333
         256
          63
          68
          86
         357
         260
         453
         193
          39
         155
         212
         134
         229
         139
          72
         375
         167
          91
         289
         276
         106
         219
         606
         237
          14
         156
          74
         213
         217
           3
         224
         193
         337
         139
         228
         350
         207
         247
         388
         451
         236
          33
         103
          95
          94
          22
         151
         220
         159
         180
         197
         168
         220
         155
         153
          54
          68
          90
          88
          68
         195
         291
         172
         153
         120
          75
         254
           2
         159
         123
         233
          34
          90
         141
         111
         236
         160
         207
         167
         241
         418
         231
          59
         237
         554
          24
          40
         465
          82
         605
         113
         159
         262
         121
          99
         113
         226
          90
         125
         109
         179
          44
         413
         225
         151
         251
          80
          53
          10
         232
         141
         177
         145
         120
         556
        1025
         546
         140
         181
         207
         527
          12
          91
         122
         255
         240
          53
          77
          59
         391
         221
         106
         139
         198
          37
         219
          48
         142
          39
         347
         140
         195
         201
         157
         308
          47
         273
         238
          96
          60
          20
         265
         182
          99
          58
          42
          59
           2
         181
          42
         147
          80
          21
         142
         181
         467
         149
         379
         229
         148
         141
         211
         409
         130
         187
         101
         143
         176
         191
         183
         177
          77
          26
         324
          60
         772
          64
         196
          27
         254
         400
         163
         191
         214
         201
         183
          38
         126
         203
         468
          84
         154
         172
          74
         266
         181
          62
          15
          59
          81
          44
         266
         480
          41
          55
         144
         216
         172
         212
         146
         144
         208
         191
          90
         100
         198
         147
         172
          40
         370
         137
         117
         224
         512
         269
         255
         225
          50
          39
         181
         553
         120
         186
         187
         198
         218
          45
          65
         286
          45
          43
          33
         159
          13
         640
         244
         360
         182
         286
          54
          94
         117
         388
         157
         507
         314
         188
         237
         333
         141
          46
         224
         363
          15
         243
         144
         127
         199
         299
         170
         359
          89
         252
         269
         241
           5
          80
         102
         207
         528
         431
          28
         257
         207
         611
         129
         205
         175
         151
         160
          38
         111
         250
         121
         163
          98
         314
         397
         407
         204
         195
         409
         120
         135
          14
         291
         210
         155
         634
         161
          65
           8
         175
         246
          37
         185
         470
          99
         471
          85
         269
         193
         195
         157
         151
         165
         182
           4
         355
          98
         250
         231
          20
          19
         119
         205
         191
          12
         128
         170
         173
         262
         186
           3
         257
         216
          21
          92
         318
          37
         127
         133
          55
          92
         465
          39
         105
         233
         145
         183
         182
         616
         563
         340
         334
          94
         119
         236
         201
         186
         174
          17
         104
         109
          74
         151
         595
         120
          57
         191
         158
         238
         147
         396
         128
         100
         197
         226
         115
           9
          50
         171
          67
         342
         169
         492
          85
          84
          69
         206
         379
         334
          46
         203
         349
         187
         327
          94
         295
         231
          33
         352
         304
          66
          88
          36
         209
         113
         131
         233
         289
         544
         251
         288
         187
         186
         244
          95
         104
         496
          92
          96
          97
         528
         193
         222
         374
         183
          78
         152
         365
         222
          78
         127
         139
         143
         349
          45
         135
          47
         315
         384
         237
         121
         929
           4
         235
         454
         178
         220
          61
          48
          51
         138
         117
          74
          38
          17
         182
         289
          53
         189
         200
         374
         174
         150
         114
          19
         237
          65
          58
         326
         385
         197
         213
          21
         287
          16
         247
         130
         358
         177
         201
         126
         148
          87
          74
          24
          22
          79
          24
         152
         225
         325
         130
         340
         131
         135
         152
         107
         185
          12
         186
         221
          67
         193
         220
         120
         105
         111
          55
          61
         225
         330
         166
         323
         176
         168
         298
         144
         176
          55
         418
          51
          72
          33
         350
          21
         125
          89
          26
         362
         211
         218
         305
         527
         302
         143
           9
         196
         248
         359
          26
         222
         100
         213
         359
          96
         207
         166
         395
         113
         212
         117
         153
         414
         167
         300
          76
         599
          78
         220
         175
          56
         102
         210
         225
         136
          53
          87
          93
         336
          47
         151
         106
         257
         159
         188
          36
         118
          87
         389
          76
          42
         372
         189
         385
         162
         237
          44
         342
         347
          50
         311
         731
          31
         139
         177
          45
         287
         405
          47
         125
          27
          47
         197
         217
          72
         134
           8
         191
          26
         250
         234
          55
         139
          12
         202
         121
         135
         298
          34
         177
          34
         119
         167
         351
          18
         475
         214
         302
         163
          46
         171
         278
         209
         125
          36
         166
         180
          89
         163
          63
          36
         234
         189
         566
          93
         109
         179
          45
          34
         665
         216
         319
         130
         334
         171
         126
         173
         148
         197
         281
         205
         182
         188
         139
         147
         179
         171
          84
         105
         171
         231
         268
         539
         144
          87
         480
         160
         181
         215
         108
         185
         458
         107
         272
         113
         225
         149
         131
         388
          85
         145
         272
         153
         131
         235
         192
          33
         101
          47
          32
         238
          27
          27
         302
         309
           4
         193
         244
          52
          50
         115
         478
          31
         313
         151
         101
         195
          15
         243
          31
         121
         202
         355
          64
         149
         354
         111
         503
          44
          54
          80
          38
         168
          98
          76
          73
          67
         252
          82
          52
         112
          49
          95
         234
         347
         557
         130
         194
          95
         200
         498
          54
          51
         101
          69
          36
         192
          29
         141
         221
         143
         177
          87
         182
          61
         180
         368
          10
         177
          62
         490
         195
          17
         131
         105
           2
         162
          29
         158
         154
         159
          57
         409
          45
         208
         348
         206
         113
         394
         102
         406
          41
         186
         209
          48
         319
         170
         188
         286
         435
          20
         182
          99
          93
         149
         209
         621
          58
         222
         219
          33
         266
          51
         311
          42
         194
         120
          61
         168
         337
           2
         137
         116
         577
         482
         202
          54
         118
         175
          56
          53
         340
          61
         143
         433
         290
         138
         760
         301
         124
         221
         223
         173
          93
           9
         318
         318
          62
         252
         177
          90
         135
         131
         249
         193
          91
         240
          22
         402
         322
         689
         428
           8
         297
         163
         242
         129
         282
          96
         197
         162
          32
         263
         115
         248
         172
           4
         153
         203
         274
         169
         117
         225
         456
         119
         140
         622
         269
          49
         204
         112
         204
          98
         428
         479
          78
          89
         274
          75
         100
         290
         314
         157
         232
         273
         365
         502
         293
          13
         258
         100
          61
         155
         145
          78
         162
         388
         101
         242
          64
          84
         199
         218
         173
         153
          54
         280
          51
         520
         444
         111
         258
         178
         155
         349
          75
         498
         739
         161
          18
         193
         176
         268
         398
          68
         170
         234
         200
         232
          44
         109
         239
         205
         235
         190
          77
         174
         360
         147
          86
         155
         297
         187
          79
         322
         175
         418
          23
         246
         112
         288
         253
          35
         185
          36
         170
          47
          55
         380
           1
         264
         157
         153
         171
          36
          82
         107
         642
          61
          74
          30
         344
         153
         141
           1
          29
          29
         191
         147
          89
         218
          63
          26
         311
          26
          36
          82
          13
         158
          73
          51
         245
         182
         179
         193
         137
         482
         183
         162
          87
          51
          71
         224
          28
         160
          81
         209
         160
         341
          21
         107
          72
         132
         114
         302
         101
         377
          66
         221
         160
          18
         144
         167
         202
         186
          65
          91
          86
         147
         188
         197
         153
         113
         217
         228
         188
         128
          13
         149
         218
         351
          26
         290
         167
         169
         860
         607
          44
         200
         169
         244
         204
          65
         182
          22
          98
         239
         214
          98
         291
         306
         197
         233
          96
         187
         179
          83
         272
         339
          92
         460
         125
          45
         171
         161
         467
          65
          74
         139
         675
         664
         187
         103
          70
         102
          21
          14
          49
         213
         222
         241
         215
         151
          21
         185
         165
         215
         692
           3
         205
          69
          82
         370
          43
         106
         382
          44
         113
         163
         188
         456
         200
         349
         596
         101
          11
         443
          62
         260
         276
         113
         113
          20
         393
         231
         335
         610
          59
         113
         162
          86
         218
          66
         405
          94
         217
         228
          35
          36
         210
          15
         119
         404
          36
          13
          73
         121
         154
         232
         191
         191
         145
         342
         408
           8
          40
          33
          92
         298
          43
          24
         147
         132
         513
         145
         222
          36
          92
         113
         225
         249
         452
         176
         179
         165
          64
         245
          61
         180
         247
          89
         155
         291
          41
           4
         165
         304
         211
          56
          52
          29
         505
          65
         144
         473
         319
         224
         285
         173
         264
         153
         320
         586
          63
         290
           5
         145
          20
          74
          76
         172
          76
         144
         381
          74
         115
          57
         140
          74
         165
          74
         340
         391
         163
         230
         142
         198
          40
         136
         502
         211
          28
         109
         307
         236
         181
         197
         380
         195
         172
         131
         202
         234
         339
         389
          47
          75
         249
          84
         421
         278
         295
         102
         133
         230
         185
         245
         173
         169
         201
         215
          60
         106
         222
         110
         132
          57
          61
         139
         165
         173
         101
          55
         344
          19
         219
         238
         490
         163
         114
         138
          46
         207
          47
         408
          96
          86
         286
         278
         163
         261
         159
         193
         231
         161
          53
         266
         268
          34
         107
         171
         369
         427
         167
         159
         168
         356
          20
         324
         203
          18
         348
         165
         159
          44
         101
         152
          74
         245
         341
          74
         357
         151
         264
         164
         246
          85
         378
         143
         292
          96
          29
         140
         199
          82
         166
         354
         181
         280
         120
         161
          31
         122
         208
         328
          92
         251
          56
         136
         363
         187
          98
         314
         189
         183
          20
          73
         126
         387
          78
         104
         160
         164
         315
         163
         175
         110
          94
         133
         280
          45
         147
         355
          92
         161
         102
         121
          94
         196
         125
          86
           4
         197
          56
          78
         485
         236
         143
         219
          97
          69
         567
          75
         251
         369
         290
         386
         472
          53
          63
         159
         302
         382
         248
          47
          57
         155
         165
         191
          84
         344
         151
         362
         255
         161
         213
         156
         304
         354
           4
         244
         115
         147
         201
          94
         225
         133
         165
         320
         196
         102
         136
         159
          35
         134
         224
          76
         285
         129
         110
         172
         510
         164
         246
         187
         256
         163
          21
         161
         242
         123
         580
          53
         712
         131
         167
          42
         187
          59
         282
         299
         199
         140
         126
         248
         212
          73
          36
         436
         149
         316
          83
         207
         343
          57
         261
         161
         252
         204
         147
         178
         142
         465
          93
         185
          28
         254
         178
         132
          81
         115
         195
         123
          38
         153
         247
          86
         214
         146
          25
         119
         284
         364
          81
         158
          51
          16
         147
         137
         226
         130
         427
         266
         213
         162
         228
         149
          65
          23
           5
         443
         299
          48
         260
         315
         253
          42
          19
          18
          91
         133
          32
         422
         200
         272
          24
          95
          64
         261
         147
         162
         158
          83
         138
         216
          10
          39
         418
         183
         337
         179
         156
         437
         356
         147
         197
         229
         256
         150
         317
          68
         181
         101
         249
          63
         100
          80
         178
         317
         135
          76
          48
          60
         289
          95
          34
         272
         456
         173
          56
          87
          57
          49
         499
         131
         181
         124
         123
         353
         211
          16
         471
         120
          56
         141
          75
          75
          29
         207
         136
         363
         215
          67
          74
         184
         199
         187
         421
         170
         219
         166
         187
          44
         234
         431
          87
         185
         207
         167
          26
         328
         344
         143
          84
         164
         455
         141
          33
          81
         212
         313
         106
         359
         425
          87
         314
         116
         218
         261
          68
         311
         157
        1249
         378
          40
         165
         243
         188
          52
          59
          81
         167
         148
          79
          88
         204
         186
          43
         360
         151
         177
         396
         191
         297
         294
         364
          68
          40
         293
         106
         175
         236
          24
          75
          46
         179
          86
         191
           2
         129
         303
          67
         103
         167
         154
         300
          52
         138
          11
          23
         184
         187
         277
          22
         160
         395
         121
         162
          85
         203
         218
         328
          26
         566
         256
         167
          76
         214
         237
         196
          97
         370
         347
          85
          13
         163
          11
         127
         422
         183
         266
         220
         224
          69
         450
         244
         291
          35
         176
         255
         197
         181
         113
           7
         373
         435
          36
         304
         107
          17
         303
         199
         131
         313
         123
         214
          68
         197
          79
          10
         148
         191
         352
         200
         101
         190
          47
          40
         153
         163
         178
         228
          42
         149
         231
         199
         196
         210
         191
         216
          17
         137
         215
          31
          87
         337
         169
         105
         221
         300
         171
          52
         327
         165
         276
         294
         228
          20
         132
          41
         334
          20
          89
         169
         187
          40
         355
         142
         132
         334
          95
         223
          33
          87
         330
         303
         188
         204
         316
         211
         154
          30
         168
          60
          66
         142
          79
         293
          79
         104
          81
         187
         172
          29
         107
         257
         515
         220
          53
         142
          15
         172
          22
         299
          70
          68
         177
          31
          94
          20
          11
          59
         290
          68
         366
         116
         199
         255
         291
          50
          63
          66
         153
          28
         364
         184
         128
         623
         284
         238
         215
          69
         279
         153
         339
          15
          30
          71
         175
         160
         225
         311
          97
         292
         295
         384
         285
          44
         151
         155
         176
         226
          98
         169
          47
         187
         147
         153
         267
         199
         136
         345
          75
         560
          77
         153
         143
         349
          58
         197
         309
         463
          29
          62
         111
         213
         265
          30
         178
         162
         179
         266
         191
          20
         170
          37
         347
         318
         359
         163
         264
          20
         159
          79
          38
         113
         342
         226
         120
          96
         181
         180
         254
         187
         372
          41
         240
          70
         262
          64
          45
         311
         167
         640
         475
          30
         182
         122
          52
         140
         241
         324
         152
          19
          70
         243
         112
         219
         193
         199
         180
         184
         131
         112
         215
         295
         143
         166
         213
         309
         167
         284
          99
          27
          88
         238
         209
         357
          49
          54
         302
         167
          68
         141
         136
         301
         721
          27
         293
         221
         141
          80
         139
          52
         476
          69
          27
         189
         176
         278
          81
         200
         153
         308
         237
          84
         165
         101
         308
         197
         182
         134
         415
         417
         158
         338
         258
          70
         104
         245
         195
         394
         260
         111
         631
          50
         454
         348
         271
          53
          58
         104
          86
         246
          71
         514
         342
         125
         106
          34
          95
          32
          98
          28
         437
          18
         186
           9
         157
          71
          52
          37
          42
          47
          37
         163
         208
         549
         197
         252
         229
         170
          56
          58
         181
         203
         264
         122
          72
          12
          21
           2
         389
         264
          56
         163
         110
         143
         378
         227
          50
         169
         165
          84
         175
          29
          74
          78
          22
         101
         212
         109
         490
         321
          65
          80
         138
          93
         199
         267
           9
           1
         339
          87
         187
         145
         304
          98
         184
          28
          28
         136
         275
         201
         165
          35
         187
          29
          78
         250
          44
         183
         191
         355
         276
         209
         284
          94
         119
         163
         146
         249
         339
         157
         143
         236
         151
         381
         140
          27
         197
         203
         213
         224
         198
         153
          36
         133
          81
          77
          83
         311
          71
          31
         261
         104
         151
         172
         250
          86
          67
         107
         448
         153
         165
         185
         113
          54
         318
         130
         481
          66
         185
           3
          64
         288
         179
          36
         307
         166
         350
         106
         175
         266
          65
         129
          83
         293
          23
         113
          92
          78
         420
          77
          54
         122
         238
         383
           7
         190
         100
         215
         177
          28
         103
         210
         194
         878
         103
         211
         657
         426
         199
         337
         474
         193
         210
         119
         134
          61
          82
          20
         299
          69
         125
         204
          87
         261
         198
         476
          42
         212
          14
         391
         181
         482
         429
         112
         358
         466
         355
         102
         157
         138
         174
         108
         102
         121
         225
         318
          63
           7
          85
          45
          71
         105
          83
         166
         159
         195
          73
         169
          11
         106
         212
          87
         248
         172
          76
          78
          28
         197
          53
         177
          13
         352
          47
         357
         169
         187
          71
         235
         332
          24
         175
          37
         215
          62
         260
         259
         194
          55
         291
         122
         337
          25
          95
         158
         112
         199
          39
         167
          98
         117
         152
         235
         309
         137
         203
         258
         300
          75
         291
          70
         149
          86
          74
         341
         136
           8
         250
         141
