        6999
         231
         213
           1
         239
         229
          27
         173
         263
           3
         215
         151
           3
         250
         258
         169
         378
         205
          25
          58
         193
         187
         123
         153
         269
         241
         209
         269
         223
         271
         163
         193
         129
         191
          49
         215
         126
         253
         201
         189
         211
         217
         207
         199
         201
         205
         350
         187
         301
         267
          73
         229
         233
         209
         167
         275
         153
         231
         297
         332
         149
         213
         244
         251
         223
         189
         197
         303
         209
         213
         187
         215
         189
         223
         253
         173
         382
          71
         377
         285
         205
         221
         220
         261
         305
         174
         325
         213
         219
         185
         209
         233
         103
         213
         259
         164
         223
         164
         177
         203
         107
         209
         163
         175
         239
         177
          51
         211
         199
         225
          55
         262
         211
         211
         237
          19
         241
         203
         195
         250
         187
         217
         189
         217
         135
         476
         195
         243
         197
         225
         239
         231
         251
         207
         189
         177
         197
         243
         233
         193
         183
         225
         203
          79
         191
         189
         223
         362
         197
         261
         223
         137
         413
         298
         199
         204
         215
         193
         215
         422
         251
         183
         110
         209
         175
         165
         207
         100
         167
         410
         187
         257
         211
         211
         148
         195
         195
         193
         157
         191
         179
         157
         236
         217
         169
         125
         320
         215
         205
         320
         211
         218
         173
         167
         514
         201
         231
         175
         227
         264
         216
         195
         297
           3
         286
         231
         109
         215
         249
         119
         187
          98
         167
         297
         312
         225
         165
         573
         133
         243
         176
         201
         193
         192
         185
         209
         373
          99
         234
         269
          94
         197
         241
         384
         181
         241
         179
         183
         251
         241
         122
         209
         167
         183
         235
         175
         211
         217
         203
         180
         233
         201
         183
         261
         171
         223
         169
         163
          23
         285
         235
         191
         173
         335
         251
         219
         171
         175
         213
         207
         217
         308
         217
         197
         277
         251
          98
         177
         179
         221
         199
          92
         435
         358
         219
         231
         163
         155
         134
         263
         193
         153
         209
         225
         181
         245
         215
         258
         199
         209
         283
         197
         207
         211
         161
         203
         209
         163
         235
         197
         251
         195
         175
         227
         201
         229
         243
         181
         167
         227
         243
         145
         219
         171
         233
         289
         205
         201
         223
         215
         255
         205
         211
         251
         189
         235
         243
         195
         257
         225
         185
         193
         197
         221
         247
          25
         153
         183
         245
         200
         169
         251
         199
         183
         191
         211
         223
         194
          72
         119
         205
         235
         203
         253
         209
         200
          63
         251
         262
         191
         281
         223
         211
         276
          92
         252
         197
         236
         181
         225
         189
         265
         301
         172
         205
         203
         221
         281
         249
         169
         175
         163
         183
         147
         201
         237
         219
         229
         271
         251
         197
         291
         219
         237
         225
         239
         246
         177
         197
         195
         127
         231
          89
         195
         245
         314
         207
         295
         479
         211
         205
         201
         277
         191
         179
         217
         199
         495
         205
         209
         253
         203
          62
         197
         170
         199
         322
         333
         291
         175
          78
         157
         318
         209
         193
          95
         243
         251
         193
         173
         223
         219
         203
         203
         190
         191
         215
         211
         225
         145
         120
         219
         197
         195
         233
         181
         221
         130
         235
         175
         181
          40
         199
         207
         297
         191
         239
         207
         223
         147
         216
         221
         257
         243
         227
          79
         219
         195
         189
         403
         185
         207
         153
         441
         161
         237
         183
         235
         241
         280
         125
         140
         229
          38
         231
         385
         189
         153
         179
         115
          94
         181
         370
         135
         193
         255
         229
         244
         223
         195
         197
         199
         199
         205
         207
         223
         343
         313
         161
         205
         197
         203
         195
         175
         185
         161
         338
         197
         195
         221
         161
         221
         209
         218
         128
         223
         180
          59
         159
         312
         193
         367
         173
         171
         161
         253
         137
         149
         225
         221
         287
         207
         217
         215
         231
         191
         197
         193
         185
         189
         233
         235
         169
         486
         163
         193
         185
         225
         191
         213
         189
         185
         348
         219
         227
         229
         185
         223
         255
         229
         183
         233
         116
         239
         167
         215
         175
         160
         243
         253
         221
         281
         223
         249
         185
          37
         223
         229
         279
         282
         263
         221
         203
         193
         225
         285
         257
         319
         233
         209
         247
         162
         201
         272
         247
         153
         183
         211
         213
         221
         215
         257
         161
         177
         239
         124
         248
         221
         177
         205
         386
         259
         183
         179
         229
         209
         225
          45
         231
         278
         171
         153
         269
         201
         179
         145
         235
         175
         199
         187
         229
         239
         183
         157
         215
         155
         201
         219
         197
         149
         339
         215
         259
         209
         261
         181
         165
         197
         205
         219
         253
         404
         251
         241
         121
         257
         213
         221
         240
         233
         181
         223
         187
         243
         153
         159
         183
         189
          58
         169
          88
         197
         157
         173
         257
         151
         205
         183
         143
         223
         129
         255
         185
         219
         225
         229
         187
         251
         183
         221
         179
         223
         237
         215
         241
         193
         239
         207
         163
         203
         221
         233
         290
         157
         197
         175
          24
         169
         318
         199
         207
         203
         193
         199
          98
         175
         191
         170
         179
         195
         181
         245
         287
         275
         179
         115
         181
         306
         205
         185
         179
         201
          49
         167
         251
         144
         219
         207
         265
         183
         227
         219
         223
         319
         191
         111
         303
         173
         195
         215
         237
         171
         219
         219
         211
         229
         193
         191
          82
         114
          27
         243
         225
         201
         223
         203
         310
         236
         277
         341
         243
         225
         193
         195
         217
         183
         265
         231
         225
          62
         262
         118
         239
         199
         211
         189
         223
         211
         193
         212
         171
         173
         249
         161
          58
         183
         215
         269
         199
         189
         185
         219
         201
         179
         229
         199
         205
         409
         193
         269
         185
         253
         255
         243
         209
         163
         187
         271
         262
         195
         209
         279
         229
          43
         110
         155
         113
          81
         171
         219
         235
         215
         301
         185
         197
         207
         207
         219
         196
         331
         201
         233
         197
         241
         219
         193
         227
         237
         336
         158
         346
         167
         285
         237
         223
         265
         217
         203
         215
         209
         267
         187
         117
         230
         191
          99
         177
         215
         221
         293
         201
         177
         187
         264
         255
          94
         149
         215
         195
         203
         167
         203
         199
         227
         161
         225
         329
         201
         225
         169
          81
         219
         203
         227
         157
         199
         191
         209
         247
         215
         161
         291
         207
         377
         209
         261
         245
         189
         241
         225
         165
         225
         233
          53
         235
         247
         197
         198
         185
         183
         215
         190
         183
         298
         317
         106
          96
         209
         233
         195
         217
         183
         137
         297
         233
         383
         241
         144
         209
         195
         249
         237
         223
         127
         167
         209
         237
         199
         155
         257
         317
         165
         285
         313
         187
         185
         267
         185
         330
         201
         239
         121
         235
         247
         228
         181
         233
         157
         333
         207
         227
         274
         235
         175
         231
         122
         223
         237
         269
         239
         197
         177
         173
         260
         229
         201
         215
         183
         267
         197
         279
          72
          56
         237
         215
         253
         167
         111
         219
         201
         237
         227
         108
         223
         219
         195
         251
         153
         143
         143
         219
         225
         179
         227
         211
         179
          74
         456
         241
         237
         183
         207
         217
         139
         187
         167
         291
         221
         223
         235
         233
         199
         171
         253
         221
         221
         221
         177
         167
         225
         225
         217
         205
          30
         187
         325
         136
          37
         341
         219
         175
         240
         269
         124
         187
         177
         437
         249
         237
         275
         267
         144
         215
         193
         239
         173
         209
         170
         197
         204
         167
         217
         195
         185
         173
         235
         129
         201
         264
         241
         227
         223
         154
         346
         126
         227
         157
         302
         167
         255
         241
         199
         277
         225
         169
         201
         219
         215
         195
         177
         177
         203
         189
         227
         325
         336
         263
         235
         129
         279
         183
         136
         209
         160
         205
         277
         181
         583
         221
         219
         181
         183
         211
         215
         171
         231
         177
         245
         240
         201
         132
         125
         199
         217
         211
         134
         191
         185
         189
         145
         173
         219
         227
         251
         169
         241
         205
         243
          74
         185
         275
         221
         159
         187
         211
         204
         231
         249
         217
         213
         183
         205
         213
         157
         195
         241
         202
         229
         195
         398
         191
         141
         296
         177
         140
         213
         256
         221
         241
         258
         161
         125
         224
         239
         201
         215
         189
         211
         139
         179
         213
         237
         187
         383
         155
         229
         155
         189
         289
         217
         189
         215
         191
         241
         197
         197
         367
         195
         215
         251
         243
         231
         211
         187
         207
         225
          72
         213
         221
         177
         203
         222
         219
         187
         167
         187
         159
         213
         191
         167
         158
         221
         251
         243
          78
         190
         125
         213
         283
         259
         237
         264
         171
         187
         197
         295
         181
         249
         269
         215
         227
         229
         217
         177
         227
         225
         233
         124
         245
         145
         259
         450
         189
         225
         193
         225
         339
          81
         189
         195
          83
         183
         233
         199
         163
         217
         171
         102
         171
         161
         292
         105
         219
         293
         191
         255
         261
         235
         265
         211
         235
         185
         362
         213
         223
         207
         183
         164
         203
         225
         273
         113
         409
         213
         341
         193
         143
         272
          64
         227
         155
         187
         209
         247
         225
         211
         175
         229
         161
         239
         181
         263
         308
         199
         237
         178
         207
         251
         217
         167
         195
         191
          69
         324
         187
         207
         215
         225
         247
         193
         205
         207
         231
         321
         303
         189
         237
         243
         235
         155
          18
         221
         157
         195
         247
         203
         179
         211
         200
         207
         237
         213
         158
         175
         262
         189
         272
         281
         165
         249
         181
         179
         211
         256
         199
         203
         237
         203
         297
         195
         225
         281
         217
         185
         126
         241
         191
         203
         209
         197
         165
         179
         133
         205
         295
         269
         165
         100
          67
         193
         213
         185
          63
         191
         233
         209
          60
         205
         161
         241
         214
         455
         217
         209
         223
         219
         263
         105
         201
         251
         171
         160
         225
         271
         177
         165
         169
         231
         269
         233
         263
         199
         175
         130
         225
         191
         195
         233
         181
         157
         241
         203
         203
         231
         249
         273
         151
         247
         251
         187
         185
         221
         207
         201
         279
         141
         202
         267
         255
         193
         245
         209
         195
         171
         253
         187
         329
         345
         234
         187
         233
         148
         191
         185
         144
         241
         199
         224
         221
         240
         231
         164
         195
         221
         243
         299
         183
         217
         181
         177
         179
         223
         269
         245
         221
         233
         253
         177
         215
         193
         249
         247
         225
         259
         103
         271
         284
         205
         203
         203
         193
         299
         225
         247
         217
         241
         261
         245
         135
         133
         231
         161
         187
         223
         221
         203
         376
         235
         169
         193
         211
         325
         205
         273
         266
         227
         190
         260
         207
         169
         250
         352
         189
         191
         209
         289
         291
         229
         237
         209
         373
         163
         227
         193
         247
         257
          96
         203
         238
         132
         243
         251
         239
         211
         201
         219
         193
         245
         191
         229
         193
         177
         202
         217
         161
         199
         243
         239
         275
         209
         183
         211
         215
         121
         233
         279
         256
          88
         183
         243
         249
         164
         245
         277
         165
         211
         213
         287
         215
          99
         173
         271
         285
         189
         209
         219
         176
         181
         205
         209
         191
         191
         215
         178
         249
         201
         197
         237
         213
         138
         141
         235
          68
         249
         205
         188
         267
         225
         173
         223
         135
         433
         215
         197
         209
          37
         213
         235
         149
         195
         197
         197
         279
         261
         139
          38
         263
         205
         203
         111
         159
         185
         195
         147
         192
         201
         163
         177
         143
         159
         173
         197
         273
         160
         223
         239
         217
         187
         136
         193
         289
         235
         181
         189
         253
         211
         179
         183
         299
         118
         221
         270
         155
         199
         329
         118
         235
         193
         209
         269
         197
         112
         239
         169
         227
         225
         219
         225
         147
         255
         253
         221
         181
         388
         483
         191
         215
         128
         233
         187
         122
          93
         163
         213
         207
         182
         549
         269
         213
         217
         225
         191
         251
         171
         231
         163
         167
         220
         203
         217
         213
         195
         213
         181
         231
         301
         267
         252
         262
         347
         197
          61
         211
         207
         219
         237
         183
         181
         378
         171
         195
         205
         246
         221
         185
         119
         177
         167
         237
         253
         183
         231
         319
         231
         281
         213
         145
         177
         130
         216
         227
         221
         227
         197
         203
         398
         195
         161
         177
         199
         147
         175
         247
         237
         101
         175
         221
         267
         267
         185
         227
         207
         169
         189
         183
         205
         185
         192
         209
         233
         251
         223
         219
         217
         177
         189
         179
         207
         372
          97
         245
         229
         179
         209
         245
         209
         281
         181
         213
         191
          22
         227
         378
         230
         191
         300
         237
         155
         183
         185
         159
         302
         126
         211
         193
         203
         243
         165
         235
         219
         177
         239
          93
         249
         177
         209
         166
         232
         336
         217
         275
         197
         152
         225
         213
         221
         275
         211
         258
         205
         175
         114
         132
         236
         233
         132
         189
         219
         223
         211
         187
         197
         211
         225
         209
         197
         187
         426
         249
         183
         197
         226
         205
         215
         311
         416
         207
         197
         193
         157
         259
         229
         233
         205
         223
         313
         187
          68
         249
         161
         169
         247
         109
         300
         219
         205
         185
         217
         199
         231
         179
         262
          99
         150
         183
         193
         189
         245
         173
         223
         207
         197
         269
         233
         203
         271
          77
         279
         151
         239
         264
         195
         253
         213
         273
         185
         119
         225
         366
         205
         216
         187
         235
         197
         219
         284
         267
         197
         197
         235
         191
         231
         227
         209
         144
          73
         203
         141
         195
         225
          54
         221
         183
         251
         215
         263
         203
         164
         235
         191
         211
         173
         191
         239
         237
         259
         249
         169
         201
         239
         181
         245
         147
         230
         201
         115
         227
         167
         191
         185
          45
         297
         191
         205
         263
         124
         195
         274
         257
         165
         276
         239
         219
         173
         383
         194
         209
         297
         201
         237
         205
         397
         223
         149
         175
         243
         261
         118
         221
         225
         311
         201
         157
         241
         181
         219
         113
         203
         227
         213
         221
         205
         229
         179
         193
         189
         211
         207
         373
         122
         350
         199
         199
         219
         199
         193
         235
         205
         173
         215
         195
         161
         201
         195
         215
         257
         237
         227
         232
         215
         219
         267
         229
         215
         241
         414
         183
         319
         243
         211
          26
         173
         221
         245
         171
          71
         265
         170
         183
         153
         209
         481
         165
         314
         193
         210
         199
         193
         214
         175
         183
         237
         201
         245
          13
         160
         172
         177
         217
         243
         217
         219
         227
         249
         199
         221
         197
          55
         257
         197
         179
         157
         279
         123
         318
         237
         211
         159
         219
         312
         229
         213
         304
         237
         239
         165
         155
         227
         217
         204
         151
         261
         207
         462
         287
         195
         215
         190
         231
          94
         267
         189
         255
         225
         119
         211
         321
         639
         227
         112
         100
         263
         235
         181
         215
         287
         233
         219
         233
         197
         165
         191
         261
         181
         254
         237
         187
         342
         203
         187
         363
         189
          88
         287
         205
         221
         241
         187
         201
          50
         171
         203
         201
         259
         207
         181
         205
         215
         193
         268
         231
         203
         175
         201
         205
         243
         247
         193
         167
         386
         199
         162
         217
         163
         131
         225
         256
         144
         263
         169
         141
         126
         237
         209
         225
         193
         229
         187
         219
         353
         165
         219
         244
         221
         231
         201
         105
         213
          50
          66
         193
         271
         235
         215
         332
         193
         223
         181
         257
         183
         425
         157
         227
         195
         243
         229
         218
         152
         223
         298
         259
         247
         247
         211
         241
         193
         177
         237
          87
         221
         190
         187
         203
          85
         184
         209
         193
         201
         201
         290
          83
         195
         205
         221
         197
         205
         243
         257
         205
         199
         197
         195
         189
         229
         239
         163
         359
         195
         319
         353
         110
         231
         209
         127
         185
         211
         145
         267
         153
         197
         282
         247
         207
         223
         211
         181
         213
         245
         157
         316
         118
         197
         223
         229
         175
         231
          81
         189
         175
         237
         187
         271
         225
          74
         297
         247
         227
         245
         263
         225
         202
          91
         281
         179
         237
         201
          79
         185
         213
         215
         301
         195
         159
         247
         190
         165
         163
         223
         164
         245
         239
         209
         446
         197
         386
         217
         225
         199
         221
         193
         245
         219
         235
         185
         185
         318
         181
         167
         265
         241
          64
         163
         273
         165
         205
         406
         269
         203
         209
         279
         155
         124
          87
         237
         209
         169
         241
         157
         359
         229
         249
         203
         128
         197
         181
         229
          97
         189
         197
         183
         205
         189
         348
         231
         127
         293
          93
          60
         207
         213
         377
         307
         259
         239
         237
         223
         241
         173
         203
         217
         371
         201
         189
         247
         299
         173
         203
         271
         257
         311
         235
         193
         205
         229
         205
         221
         251
         245
         183
         266
         141
         177
         270
         669
         199
         211
         215
         221
         255
         201
         163
         183
         231
         153
         223
          48
         274
         191
         149
          74
         219
         201
         191
         243
         251
         215
         289
         171
         179
         205
         210
         128
         199
         185
          74
         269
         223
         167
         233
          84
         243
         221
         255
         171
         247
         215
         175
         453
         255
         169
         223
         171
         151
         147
         282
          73
         368
         197
         187
         245
         231
         233
         241
         201
         295
         199
         261
         211
         221
         259
         187
         223
         237
         207
         199
         394
         209
         252
         211
          97
          92
         228
         286
         195
         233
         197
         195
         194
         165
         199
         213
         255
         177
         163
         203
         185
         299
          98
         159
         106
         205
         227
         179
         227
         221
          18
         147
         203
         173
         233
         163
         195
         184
         276
         207
         342
         249
         366
         281
         215
         213
         191
         253
         344
         249
         197
         193
         249
         195
         257
         173
         185
         175
         187
          73
         177
         213
         233
         257
         185
         281
         197
         227
         229
          76
         199
         231
         211
         195
         179
         127
         317
         147
          91
         212
         195
         197
         320
         245
         201
         209
         271
         399
         223
         233
         215
         237
         234
         205
         209
         229
         179
          71
         231
         209
         169
         229
         191
         245
         319
         227
         225
         217
         209
         347
         221
         236
         219
         181
         249
         207
          40
         201
         207
         235
         311
         179
         203
          41
         213
         249
         195
         181
         191
         147
         165
         195
         370
         201
         169
         273
         171
         197
         211
         237
         195
         187
         167
         229
         255
         213
         141
         325
         199
         183
         167
         207
         183
         213
         219
         197
         197
         179
         141
         248
         239
         239
         159
          69
          83
         281
         263
         231
         137
         231
         223
         247
         193
         205
         217
         208
         257
         259
         241
          61
         177
         254
         223
         203
         179
         300
         247
         275
         281
         235
         181
         183
         229
         231
         249
         225
         195
         223
         308
         177
         189
         207
         217
         161
         251
         209
         221
         217
          65
         241
         102
         203
         241
         253
         213
         247
         193
         203
         249
         227
         224
         193
         213
         217
         191
         281
         165
         193
         173
         199
         185
         257
         207
         354
         245
         199
         257
         139
         209
         213
         189
         179
         219
         110
         181
         265
         195
         183
         324
         183
         318
         213
         237
         259
         229
         263
         169
         209
         383
         239
         203
         104
         293
          83
         181
         197
         187
         237
         101
         229
         185
         187
         197
         215
         209
          83
         199
         247
         175
         183
         177
         237
         237
         199
         177
         215
         195
         163
         259
         221
         169
         235
         133
         179
         173
         249
         181
         219
         195
         159
         243
         241
         215
         260
         165
         253
         217
          92
         148
         187
         229
         151
         328
         336
         173
         101
         252
         291
         323
         225
         279
         197
         161
          46
         184
          77
         262
         253
         211
         221
         117
         247
         233
         265
          70
         183
         249
         219
         201
         215
         130
         183
         229
         217
         219
         175
         122
         197
         231
         283
         229
         185
         189
         193
         197
         165
         267
         200
         217
         231
         221
         221
          43
         185
         157
         205
         219
         185
         243
         255
         213
         173
         203
         221
         118
         241
         247
         191
         229
         233
         197
          76
         245
         185
         481
         193
         203
         251
         201
         237
         221
         205
         239
         205
         248
         332
         239
         187
         173
         185
         165
         231
         191
         273
         247
         197
         211
         279
         285
         205
         209
         177
         189
         259
         243
         227
         229
         173
         215
         205
         209
         242
         231
         185
          65
         211
         225
         185
         197
         197
         215
          87
         211
         307
         251
         239
         181
         231
         358
         181
         177
         181
         175
         205
         265
         235
         356
         209
         247
         173
         165
         187
         189
         239
         149
         189
         131
         177
         185
         358
         193
         183
         348
          55
         227
         325
         209
         181
         183
         207
         137
         201
         241
         169
         161
          97
         235
         205
          31
         211
         253
         278
         169
         175
         215
         309
          86
         203
         149
         187
          49
         203
         131
         197
         185
         243
         242
         189
         209
         353
         174
         173
         202
         217
         179
         229
         195
         229
         247
         221
         247
         257
         207
         126
         179
         175
          79
         235
         235
         115
         231
         193
         197
         265
         177
          52
          93
         173
         211
         201
         199
         237
         399
         211
         213
         210
         175
         237
         269
         185
         185
         162
         219
         215
         110
         207
         199
         221
         221
         219
         237
         371
         141
         219
         191
         354
         277
         191
         249
         253
         364
         294
          88
         213
         191
         273
         239
         249
         265
         245
         381
         256
         278
         400
         195
         173
         285
         209
         197
         229
          83
         201
         233
         496
         245
         181
         219
         373
         209
         217
         227
         182
         447
         207
         219
         147
         213
         235
         171
         193
         149
         187
         205
         225
         175
         255
         299
         203
         132
         249
         167
         207
          56
         237
         185
         195
         227
         259
         237
         181
         221
         189
         199
         115
         217
         189
         207
         199
         227
         185
         197
         215
         259
         245
         227
         390
         213
         497
         209
         191
         235
         207
         112
         189
         477
         213
         259
          65
         269
         185
         217
         169
         173
         211
         324
         255
         201
         209
         173
         213
         177
         195
         229
         207
         209
         261
         231
         367
         209
         216
         171
         217
         157
         106
         141
         195
         221
         199
         187
         116
         185
         203
         110
         181
         438
         318
         199
         326
         213
         231
         209
         179
         151
         207
         284
         374
         161
         225
         186
         341
         191
         215
         209
         181
         183
         146
         195
         184
         183
          16
         175
         249
         185
         160
         183
         201
         223
          41
         223
         179
         181
         213
         257
         169
         193
         222
         189
         259
         195
         169
         227
         187
         199
         275
         251
         173
         219
         231
         207
         249
         159
         213
         484
         233
         243
         211
         163
         181
         185
         169
         235
         177
         233
         245
         280
         229
         240
         213
         278
         237
         253
         269
         111
         138
         216
         237
         420
         159
         309
         183
         153
         267
         203
         201
         213
         189
         379
         219
         393
         181
         215
         189
         181
         213
         169
         231
         171
         235
          32
         169
         185
         249
         135
         183
         193
         235
         210
         223
         161
         314
         234
         235
         397
         223
         151
         199
         221
         173
         371
         215
         259
          43
         282
         231
         172
         179
         209
         203
         179
         175
         211
         251
         342
         197
         191
         238
         231
         213
         201
         209
         155
          79
         195
         217
         187
         255
         161
         199
         229
         233
         274
         173
         219
         203
         189
         215
         183
         279
         239
         137
         187
         185
         213
         217
         217
         211
         210
         253
         209
         173
         207
         209
         231
         217
         296
         275
         245
         221
         173
         221
         151
         237
         175
         199
         195
         199
         167
         171
         237
         347
         235
         195
         187
         217
         237
         285
         197
         171
         213
         220
          68
         163
         226
         237
          30
         205
         233
         201
         261
         209
         207
         203
         186
         221
         130
         225
         189
          97
         161
         240
         271
         223
         219
         231
         191
         255
         314
         155
          97
         273
         207
         239
         189
         233
         221
         227
         413
         189
         167
         136
         321
         247
         191
         169
         233
         109
         213
         231
         253
         213
         273
         185
         131
         207
         309
         426
         365
         197
         171
         223
         157
         249
         195
          98
           9
         217
         219
         213
         213
         245
         197
         223
         167
         183
         211
         269
         195
         209
         156
         227
         225
         201
         249
         192
         149
         167
         263
         105
         191
         245
         237
          41
         281
         225
         207
         211
         221
         249
         179
         217
         183
         217
         382
         225
         213
         167
         269
         175
         215
         259
         239
         181
         269
         334
         236
         267
         245
         199
         277
         269
         207
         185
         142
         197
         148
         226
         215
         249
         237
         227
          66
         241
         151
         209
         217
         189
          53
         215
         201
         203
         191
         195
         107
         161
         101
         275
         259
         231
         296
         229
         203
         454
         181
         274
         217
         177
         215
         261
         260
         239
         219
         265
         253
         185
         171
         146
         161
         195
         181
         157
         189
         239
         203
         311
         243
         193
         221
         191
         163
         241
         209
         239
         181
         201
         227
         213
         257
         205
         211
         199
         191
          31
         227
         213
         219
         171
         221
         361
         203
          51
         277
         275
         269
         251
         191
         216
         225
         245
         247
         229
         219
         269
         373
         221
         195
         231
         197
         255
         330
         215
         195
         237
         310
         187
          50
         197
         173
         213
         222
         231
         223
         341
         219
         223
         173
         231
         185
         191
         145
         237
         273
         227
         235
         217
         217
         139
         211
         149
         169
         185
         251
         175
         241
         237
         125
         227
         143
         157
         247
         367
         215
         221
         237
         173
         355
         215
         217
         253
         214
         195
         235
         191
         225
         201
         193
         183
         175
         198
         207
         215
         246
         243
         181
         203
         217
         241
         201
         221
         181
         153
         253
         195
         173
         169
         225
         209
         229
         185
         207
         244
         203
         183
         245
         237
         197
         324
         177
         181
         183
         263
         229
         187
         225
         302
         348
         223
         222
         183
         233
         191
         195
         253
         377
         305
         219
         239
         268
         203
         173
         203
         225
         235
         219
         215
         161
         185
         311
         227
         189
         197
         183
         261
         195
         147
         189
         195
         231
         263
         255
         221
         201
         181
         229
          81
         239
         197
         195
         195
         215
         199
         373
         103
         239
         237
         240
          12
         156
         207
         175
         201
         149
         181
         231
         254
         197
         221
         211
         227
         323
         229
         302
         197
         272
         219
         201
         165
         153
         153
         176
         193
          86
         245
         201
         274
         388
         285
         373
         197
         209
         257
         444
         185
         134
         213
          86
         167
         203
         203
         227
          87
         171
         251
         191
         223
         229
         195
         227
         235
         282
         243
         243
         255
         171
         197
         209
         195
         184
         253
         243
         189
         239
         227
         247
         187
         211
         195
         165
         215
         203
         253
         203
         131
         393
         229
         359
         268
         199
         299
         183
         111
         289
         191
         179
         175
         219
         195
         203
         181
         169
         191
         233
         181
         250
         225
         271
         291
         186
         195
         153
         257
         167
         201
         237
         261
         215
         135
         139
         185
          54
         227
         171
         198
         267
         259
         271
         229
         227
         195
         177
          59
         231
         245
          49
         247
         203
         117
         242
         187
         235
         189
         271
         199
         108
         134
         263
         153
         127
         348
         229
         154
         203
         183
         325
         197
         189
         320
         203
         157
          73
         211
         474
         169
         183
         151
         149
         237
         197
         121
         189
         201
          49
         211
         163
         253
         227
         155
         193
         347
         231
         251
         263
         193
           9
         163
         223
         159
         125
         245
         191
         237
         181
         207
         205
         191
         209
         201
         165
         207
         175
         169
         209
         209
         195
         243
         187
         171
         317
         259
         235
         219
         189
         273
         159
         230
         169
         191
         217
         371
         235
         179
         229
         231
         167
         235
         275
         171
         147
         217
          47
         213
         225
         179
         203
         213
         211
         128
         177
         191
         195
         207
         303
         169
         183
         179
         200
         189
         173
         225
         137
         295
         195
         255
         203
         245
         189
         241
         191
         271
         257
         211
         243
         189
         273
         221
         205
         241
         211
         163
         241
         223
         243
         197
         176
         173
         157
         350
         163
         171
         241
         239
         344
         178
         183
         191
         147
         137
         223
         237
         203
         219
         221
         230
         217
         209
         179
          64
         299
         189
         397
         220
         219
         149
         247
         203
         211
         219
         215
         191
         201
         209
         215
         235
         292
         219
         231
         225
         199
         269
         181
          56
          40
         261
         189
         171
         102
         249
         153
         259
         189
         211
         249
          79
         193
         267
         207
         167
         203
         191
         229
         245
         215
         155
         237
         225
         197
         177
         165
         179
         277
         356
         366
         291
         251
         115
         245
         207
         217
         231
         230
         173
         213
         217
         213
         195
         173
         187
         330
         152
         330
         197
         219
         251
         215
         211
         228
         221
         227
         173
         237
         211
         213
          94
         165
         191
         231
         213
         220
         221
         163
          83
         257
         227
         424
         137
         267
         231
         197
         233
         171
         235
         201
         197
         187
         243
         211
         241
         213
         229
         219
         263
         201
         177
         209
         227
         273
         185
         273
         203
         201
         128
         207
         225
         229
         253
         231
         249
         199
         326
         165
         175
         229
         119
         187
         122
         153
         203
         165
          58
         290
         187
         237
         252
         229
         203
         211
         149
         295
         187
         215
         195
         239
         247
         142
         198
         169
         197
         249
         227
         129
         215
         209
         111
         205
         217
         259
         229
         363
         189
         171
         261
         143
         183
         103
         234
         183
          50
         183
         181
         221
         195
         231
         227
         199
         185
         271
         282
         233
         215
         207
         173
         247
         361
         207
         233
         199
         199
         175
         215
         255
         168
         213
         187
          96
         404
          43
         223
         171
         263
         190
         208
         183
         205
         195
         199
         166
         223
         100
         187
          84
         211
         179
         159
         197
         193
         213
         201
         152
         240
         165
         239
         265
          63
         217
         195
         292
         171
         185
         230
         197
         221
         259
         199
         161
          92
         197
         259
         217
         197
         185
         192
         242
         181
         219
         133
         265
         233
         255
          63
         203
         177
         169
         173
         279
         185
         217
         239
         175
         315
         255
         215
         215
         261
         191
         173
         239
         151
         248
         185
         221
         207
         233
         199
         257
         213
          29
         281
         257
         223
         125
         260
         217
          28
         205
         185
         191
         219
         155
         255
         193
         207
         235
         233
         153
         213
         215
         237
         253
          91
         283
         195
          73
         175
         171
         159
         213
         176
         173
         117
         161
         279
         245
         159
         219
         215
         165
         147
         283
         351
         104
         211
         388
         212
         203
         205
         239
         166
         199
         436
         167
         191
         203
         132
         197
         249
         235
         178
         204
         205
         161
         219
         183
         165
         209
         223
         221
         187
         275
         241
         351
         179
         424
         198
         450
         235
         171
         163
         179
         239
         195
         406
         193
         203
          42
         209
         241
         231
         203
         197
         245
         133
         239
         225
         235
         239
         189
         207
         186
         245
         217
         207
         205
         213
         163
         163
         223
         211
         267
         235
         173
         255
         308
         239
         179
         257
         197
         221
         229
         205
         181
         203
         259
         145
         198
         213
         181
         227
         209
         294
          73
         247
         183
         221
         294
         233
         107
         340
         239
         234
         177
         173
         171
         183
         191
         195
         239
         239
         201
         183
         225
         229
         201
         225
         187
         219
         187
         251
         150
         271
         236
         197
         211
         185
         199
         191
         213
         363
         273
         181
         259
         277
         171
          92
         109
         199
         247
         108
         146
         159
         124
         255
         201
         336
         245
         189
         293
         235
         223
         215
         444
         229
         209
         203
          85
         171
         362
         154
         141
         171
         179
         213
         171
         195
         167
         130
         241
         177
         211
         209
          56
         172
          60
         260
         215
         206
         191
         153
         271
         147
         132
         195
         171
         150
         255
         187
         156
         243
         221
         223
         205
         241
         219
         364
         338
         273
         199
         163
          28
         141
         209
         237
         219
         243
         223
         208
         313
         229
         185
         175
         185
         211
         162
         201
         217
         203
         229
         223
         337
         217
         211
         187
         191
         185
         279
         179
         241
         213
         217
         153
         235
         223
         175
         247
         253
         163
         105
         182
         259
         237
         209
         211
         335
         276
         432
         227
         116
         137
         213
         203
         149
         334
          47
         247
         231
         211
         169
         189
          79
         231
         295
         390
         193
         199
         221
         241
         213
         189
         187
         213
         347
         211
         229
         155
         251
         181
         259
         199
          95
         255
         261
         225
         215
         169
         103
         348
         197
         195
         465
         203
         267
         219
         193
         211
         254
         213
          55
         177
         153
         201
         209
         251
         166
         287
         233
         195
         189
         219
         193
         257
         199
         175
         209
         201
         281
         253
         201
         215
         251
         194
         123
         221
         167
         219
         227
         195
         211
          32
         301
         289
         353
         213
         217
         270
         177
         187
         196
         185
         131
         237
         187
         221
          15
         116
         285
         304
         225
         290
         149
         191
         225
         217
         255
         209
         219
         235
         118
         215
         233
         241
         221
         165
         179
         215
         195
         213
         211
         211
          92
         203
         205
          15
         173
         247
         251
         185
         486
         276
         243
         217
          85
          98
         179
         247
         283
         203
         225
         161
         193
         241
         225
         378
          79
         205
         201
         235
         223
         449
         223
         205
         219
         167
         217
         279
         197
         151
         267
         249
         213
         275
         233
         253
         209
         207
         232
         205
         241
         221
         183
         289
         229
         240
         147
         337
         278
         249
         241
         138
         183
         219
         178
         215
         169
         195
         204
         143
         155
         253
         358
         367
         235
         376
         171
         231
         247
         219
         207
         213
         255
         308
         191
         225
         207
         267
         215
         197
          91
          84
         183
         175
         223
         205
         225
         227
         143
         231
         217
         207
         278
         231
         215
         181
         169
         215
         117
         203
         173
         214
         449
         211
         183
         225
         257
         301
         207
         213
         195
         219
         174
         195
         181
         255
         156
         171
         210
         267
         261
         163
         175
         213
         157
         221
         199
         197
         205
         183
         118
         241
         181
         233
         205
         189
         201
         197
         187
         217
         291
         203
         205
         293
         215
         253
         213
         259
          61
         189
         263
         285
         187
         177
         205
         205
         290
         185
         191
         243
          69
         287
         255
         179
         163
         159
         261
         119
         165
         206
         200
         180
          24
         213
         127
         153
         161
         203
         243
         217
         233
         157
         215
         187
         227
         185
         152
         157
         193
         367
         241
         241
         107
         275
         177
         287
          53
         177
         183
         261
         199
         215
         239
         173
          66
         239
         240
         147
         221
         205
         207
         247
         201
         163
         235
         219
         157
         221
         187
         233
         145
         392
         173
         241
         201
         149
         229
         203
         285
         403
         275
         215
         167
         197
         311
          46
         104
         213
         219
         283
         117
         241
         263
         229
         229
         189
         183
         235
         187
         316
         161
         129
         209
         403
         187
         183
         327
         231
         237
         175
         227
         237
         233
         156
         151
         233
         141
         269
         211
         201
         227
         201
         245
         195
         223
         201
         233
         215
         235
         199
          11
         207
         215
         239
         181
         201
         276
         166
         365
          61
         205
         169
         199
         219
         275
         223
         118
         163
         201
         221
         229
         209
         179
         203
         201
         217
         328
         135
         113
         213
          50
         153
         201
         241
         209
         163
          87
         219
         527
         117
          72
         177
         223
         275
         181
         173
         199
         223
         229
         193
         132
         201
         215
         387
         217
         195
         357
         193
         225
         195
         123
         249
         219
         248
         305
         241
         229
         183
         221
         219
         152
         209
         197
         201
         161
         225
         221
         231
         191
         159
         175
         183
         191
         312
         171
         211
         390
         193
         225
         187
         234
         320
         288
         211
         231
         207
         181
         116
         175
         224
         171
         228
         158
         152
         283
         167
         227
         249
         229
         223
         233
         165
         181
         181
         243
         181
         169
         233
         215
         231
         162
         232
         251
         179
         217
         221
         155
         171
         211
         235
         205
         201
         199
         198
         267
         181
         163
         217
         227
         363
         315
         213
         219
         235
         269
         197
         278
         215
         199
         203
         227
         223
         104
         201
         251
         195
         255
         225
         211
         249
         191
         185
         207
         217
         201
          25
         211
         199
         215
         233
         205
         217
         237
         249
         254
         239
         177
         213
         185
         173
         207
         197
         213
         241
         233
         177
         105
         237
         161
         352
         193
         235
         273
         229
         286
         177
         215
         201
         179
         235
         169
         231
         243
         191
         231
         176
         225
         223
         325
         191
         159
         227
         165
         251
         255
         163
         249
         195
         352
         209
         241
         197
         239
         225
         279
         187
         131
         112
         166
         203
         227
         207
         173
         247
         203
         231
         219
         226
         203
         203
         379
         167
         165
         203
         185
         203
         293
         189
          90
         255
         197
         213
         233
          87
         235
         187
         249
         151
         225
         213
          53
          66
         251
         235
         153
         193
         213
         151
         227
         225
         225
          77
         181
         265
         211
         225
         153
         412
         209
         255
         239
         185
         197
         138
         227
         223
         386
         355
         161
         229
         211
         259
         325
         219
         265
         423
         209
         239
         225
         237
         193
         105
         189
         181
          24
         211
         239
         221
         167
         209
         201
         181
         213
         249
         221
         199
         259
          81
         276
         122
         195
         269
         305
         360
         237
         209
         223
         193
         225
         205
         269
         211
         221
         181
         135
         312
         201
         175
         249
         187
         259
         303
         173
         211
         211
         163
         244
         189
         175
         229
         203
         249
         219
         221
         215
         281
         223
         217
         136
         237
         105
         279
         167
         201
         213
         213
         175
         189
         217
         197
         201
         343
         259
         231
         209
         219
         353
         627
         155
         177
         135
         322
         199
         199
         243
         277
         383
         261
         177
         209
         243
         263
         177
         221
         234
         253
          45
         195
         245
         223
         245
         219
         173
         241
         253
         337
         231
         199
         227
         183
         217
         289
         106
         299
         263
         307
         243
         133
         195
         126
         191
         199
         189
         171
          40
         290
         209
         219
          83
         209
         243
         238
         548
         213
         269
         371
         217
         179
         237
         121
         193
         189
          41
         191
         241
         195
         249
         177
         249
         147
         149
         281
         205
         177
         199
         195
         107
         183
         203
         227
         251
         223
         215
         239
         195
         365
         303
         287
         189
         233
         175
         187
         219
         255
         219
         237
         197
         188
         424
         227
         189
         221
         261
         237
         215
         171
         165
         205
         261
         229
         229
         263
         218
         191
         217
         199
         199
         224
         181
         326
         177
         273
         227
         203
         183
         333
         235
         338
          95
         233
         227
         203
         175
         201
         185
         182
         170
         100
         223
         197
         184
         117
         233
         193
          75
         249
         233
         231
         339
         197
         247
         219
         217
         278
         209
         203
         209
         188
         182
         315
         209
         262
         328
         183
         215
         231
         155
         245
         279
         280
         227
         227
         207
         223
         215
         212
         193
         221
         213
         191
          39
         230
         247
         187
         215
         263
         229
         191
         213
         227
         155
         243
         221
         201
         189
         171
         205
         247
         117
         247
         243
         273
         232
         193
         211
         229
         189
         147
         249
         237
         183
         284
         225
         175
         211
         197
         233
         213
         217
         179
         173
         237
         241
         191
         249
         189
         277
         245
         171
         209
         205
         213
         255
         187
         181
         289
          84
         191
         201
         209
         203
         185
         201
         171
         205
         195
         175
         233
         260
         227
         242
         199
         229
         199
         205
         229
         195
         187
          13
         289
         139
          83
         241
         247
         314
         259
         197
         213
         181
         124
         243
         229
         273
         151
         187
         207
         171
         225
         227
         181
         191
         197
         213
         173
         275
         290
         233
         130
         161
         167
         231
         193
          54
         231
         189
         219
         167
         209
         183
         281
         203
         209
         183
         217
         255
         178
         235
         249
         245
         163
         209
         155
         408
         153
         185
         166
         217
         215
         249
         181
         251
         229
         163
         223
         193
         243
         235
         177
         179
         187
         171
         211
         287
         165
         281
         155
         229
          97
         237
          70
         238
          92
         199
         215
         209
         134
         109
         223
         207
         265
         184
         177
         227
         193
         221
         155
         245
         177
         187
         253
         217
         251
         126
         203
         179
         237
         191
         217
         213
         203
         229
         181
         199
         233
         187
         113
         185
         137
         229
         267
         180
         195
         219
         191
         160
         214
         271
         189
         221
         193
         235
         213
         177
         150
         153
         187
         163
         209
         199
         104
         179
         229
         231
         197
         223
         265
         288
         187
         197
         161
         201
          52
         118
         295
         173
         291
         229
         219
         161
         257
          10
         256
         229
         283
         195
         251
         153
         283
         213
         181
         207
         239
         181
         175
         249
          44
         255
         221
         215
         183
         207
         290
         239
          41
         473
         209
         183
         187
         217
         243
         265
         264
         208
         382
         238
         113
         205
         197
         199
          55
         121
         225
         157
         241
         177
         239
         207
         416
         259
         229
         225
         189
         173
         193
         116
         217
         157
         195
         203
         179
         199
         181
         245
         219
         215
         213
         179
         195
         171
          85
         324
         203
         209
         207
          76
         261
         259
         183
         207
          75
         207
         171
         189
         140
         153
         225
         217
         179
         217
         193
         233
         183
         106
         189
          61
         179
         207
         274
         221
         157
         247
         207
         319
         231
         183
         327
         263
         115
         168
         161
         175
         203
          51
         167
         265
         195
         179
         241
         245
         215
         207
         185
         138
         241
         121
         219
         187
         185
         237
         310
         195
         193
         209
         349
         229
         177
         233
         385
         251
         233
         183
         225
          21
         242
          69
         243
         177
         168
         219
         235
         225
         205
         187
         223
         215
         247
         259
         163
         203
         219
         247
         227
         201
         185
         257
         199
         145
         122
         211
         113
         217
         151
         201
         191
          53
         179
         399
         201
         195
         195
         199
         203
         171
         224
         215
         219
         241
         221
         116
         213
         191
         409
         271
         207
         271
         197
         205
         171
         145
         169
         157
         199
         185
         241
         243
         195
         185
         229
         227
         302
         219
         205
         183
         265
         177
         236
         310
         249
         203
         229
         223
         219
         201
         227
         251
         211
         220
         237
         243
         231
         285
         223
         135
         267
         205
         201
         227
         201
         171
         247
         183
         247
         179
         199
         163
         233
         149
         173
         247
         141
         179
         229
         369
         209
         148
         197
         205
         223
         241
         282
         243
         203
         221
         195
         211
         289
         111
         185
         225
         257
         165
         247
         175
         167
         199
         217
         284
         223
         201
         165
         157
          16
         223
         231
         115
         227
         387
         245
         241
         135
         223
         201
         195
         237
         243
         228
         223
         171
         193
         227
         225
         229
         162
         167
         245
         285
         209
         215
         195
         199
         151
         290
         263
         199
         257
         255
         211
         165
         169
         160
         249
         257
         259
         548
         102
         229
         225
         282
         109
         211
         219
         184
         199
         283
         231
         239
         261
         203
         269
          59
         207
          76
         134
         171
         259
         211
         215
         205
         175
         153
         275
         259
         265
         235
         269
         145
         104
         261
         217
         167
          55
         115
         221
         225
         201
         195
         179
         211
         237
         189
         208
         207
         339
         237
         219
         201
         171
         243
         193
         165
         187
         241
         211
         221
         215
         221
         185
           7
         191
         195
         349
         215
         211
         261
         173
         196
         171
         183
         211
         191
         274
         214
         201
         241
         191
         229
         191
         267
         217
         261
         169
         211
         178
         283
         237
         231
         167
         189
         247
          50
         225
         139
         241
         218
         203
         225
         135
         179
          74
         211
         201
         219
         201
         221
         141
         161
         207
         277
         237
         215
         281
         201
         183
          68
         207
          87
         187
         179
          32
         227
         231
         189
         232
         345
         229
         199
         177
         201
         258
         194
         281
         199
         215
         306
         199
         143
         193
         157
         255
         175
         263
         155
         138
         177
         217
         231
         269
         243
         213
         245
         177
          58
         233
         441
         213
         249
         342
         193
         192
          88
         237
         209
         111
         191
         207
         191
         189
         207
         183
         231
         193
         219
         219
         120
         183
         129
         163
         266
         215
         201
         211
         165
         296
          40
         203
         199
         179
         239
         197
         203
         221
         307
         231
         223
         257
         241
         207
         217
          50
         223
         166
         218
         170
         227
         219
         205
         245
          93
         181
         215
         160
          32
         133
         195
         197
         113
         207
         249
         185
         202
         371
         193
         183
         147
         197
         272
         209
         223
         215
         195
         180
         219
         298
         363
         110
         259
         189
         217
         217
         205
         231
         220
         201
         209
         197
         157
         217
         302
         164
         197
         245
         205
         249
         191
         217
         241
         245
         213
         237
         261
         207
         179
         223
         207
         202
         219
         247
         188
         159
         233
         132
         205
         316
         167
         215
         195
         207
         173
         255
         280
         263
         197
         199
         251
         179
         185
         161
         213
         217
         229
         179
          65
         157
          64
         203
         269
         215
         233
         217
         243
         267
         241
         235
         217
         199
         217
         143
         215
         134
         229
         191
         205
         163
         237
         151
         179
         223
          42
         213
         187
         221
         243
         163
         223
         140
         247
         205
         195
         199
         203
         360
         242
         233
         233
         229
         201
         191
          79
         203
         213
         309
         195
         221
         207
         195
         241
         233
         251
         199
         191
         173
         149
         205
         175
         203
         169
         223
         237
         239
         163
         313
         227
         197
         297
         205
         201
         163
         183
         185
         217
         125
         217
          91
         207
         235
         201
         191
         187
         219
         183
         192
         179
         229
         215
          52
         225
         174
         199
         189
         159
         191
         201
         201
         140
         203
         301
         333
         247
         229
         211
         169
         209
         319
         189
         195
         191
         235
         215
         153
         164
         215
         211
         131
         203
         171
         252
         197
         211
         241
         197
         217
         241
         227
         229
         221
          72
         225
         199
         223
         195
         210
         215
         197
         237
         147
         189
         229
         255
         201
         161
         193
         185
         149
         199
          30
         179
         311
         194
         183
         189
         401
         183
         364
         253
         197
         307
         205
         205
         195
         215
         199
         225
         302
         194
         219
         195
         165
         197
         261
         175
         235
         253
         207
         330
         169
          67
         227
         157
          78
         193
         305
         241
         223
         221
         283
         181
         205
         264
         227
         133
         191
          70
         239
         199
         227
         305
         159
         231
         141
         215
         351
         189
         217
         213
         171
         217
         181
         245
         207
         267
         217
         193
         217
          21
         195
         314
         221
         189
         317
         181
         191
         264
          22
         303
         225
         179
         251
         187
         241
         181
         181
         105
         257
         209
         243
          78
         369
         253
         199
         235
         178
         107
         235
         179
         412
         214
         203
         290
         217
         197
         173
          60
         193
         239
         219
         193
         173
         217
          25
         205
         205
         254
         207
         126
         359
         209
         221
          36
         115
         185
         221
         239
         185
         199
          83
         167
         179
         243
         197
         211
          27
         221
         205
         211
         216
         199
         193
         224
          76
         269
         189
         245
         183
         247
         251
         199
         199
         221
          61
         289
         231
         171
         163
         103
         215
         267
         251
         173
         143
         177
         201
         247
         209
         255
         271
         191
         193
         380
         211
         249
         229
         102
         359
         146
         205
         209
         235
         159
         155
         228
         213
         171
         191
         243
         195
         157
         266
         199
         305
         271
         203
         201
         236
         257
         221
         159
         243
         211
         295
         189
         233
         147
         329
         187
         153
         165
         207
         199
          73
         203
         205
         227
         108
         105
         291
         209
         171
         233
         165
         161
         187
         259
         221
         261
         326
         219
         181
         165
         271
         235
         193
         203
         169
         257
         199
         255
         229
         193
         247
         223
         179
         206
         245
         175
         229
          76
         199
         181
         310
         187
         245
         161
          82
         161
         269
         251
         161
         189
         147
         196
         185
         180
         191
         132
         207
         231
         229
         123
         167
         171
         235
         195
         213
         326
         219
         251
         235
         541
         187
         181
         282
         205
         173
         127
         197
         207
         205
         329
         171
         344
         203
         199
         263
         277
         307
          13
         220
         161
         181
         142
         265
         195
         191
         233
         183
         292
         179
         113
         219
          90
         365
         185
         159
         245
         187
         211
         219
         147
         183
         201
         289
         177
         187
         245
         269
         265
         163
         217
         219
         280
         196
         193
         193
         226
         199
         205
         213
         233
         155
         217
         330
