1.000000e+008 6.879672e+006 6.069094e+006 
9.090909e+007 6.568422e+006 5.805891e+006 
8.264463e+007 6.271315e+006 5.541609e+006 
7.513148e+007 5.987817e+006 5.288572e+006 
6.830135e+007 5.717290e+006 5.046360e+006 
6.209213e+007 5.459135e+006 4.815218e+006 
5.644739e+007 5.212764e+006 4.593841e+006 
5.131581e+007 4.977667e+006 4.386064e+006 
4.665074e+007 4.753234e+006 4.182975e+006 
4.240976e+007 4.539052e+006 3.993375e+006 
3.855433e+007 4.334594e+006 3.811932e+006 
3.504939e+007 4.139405e+006 3.638274e+006 
3.186308e+007 3.953045e+006 3.471866e+006 
2.896644e+007 3.775150e+006 3.317543e+006 
2.633313e+007 3.605234e+006 3.165730e+006 
2.393920e+007 3.443001e+006 3.024519e+006 
2.176291e+007 3.288008e+006 2.885132e+006 
1.978447e+007 3.139994e+006 2.755787e+006 
1.798588e+007 2.998598e+006 2.632761e+006 
1.635080e+007 2.863494e+006 2.514259e+006 
1.486436e+007 2.734397e+006 2.401493e+006 
1.351306e+007 2.611056e+006 2.297677e+006 
1.228460e+007 2.493125e+006 2.194345e+006 
1.116782e+007 2.380391e+006 2.096148e+006 
1.015256e+007 2.272635e+006 2.005413e+006 
9.229600e+006 2.169562e+006 1.915308e+006 
8.390545e+006 2.071008e+006 1.832261e+006 
7.627768e+006 1.976699e+006 1.749574e+006 
6.934335e+006 1.886495e+006 1.674331e+006 
6.303941e+006 1.800161e+006 1.602297e+006 
5.730855e+006 1.717513e+006 1.533400e+006 
5.209868e+006 1.638383e+006 1.467320e+006 
4.736244e+006 1.562634e+006 1.404845e+006 
4.305676e+006 1.490127e+006 1.344217e+006 
3.914251e+006 1.420765e+006 1.286843e+006 
3.558410e+006 1.354432e+006 1.231142e+006 
3.234918e+006 1.291028e+006 1.178539e+006 
2.940835e+006 1.230415e+006 1.128320e+006 
2.673486e+006 1.172427e+006 1.080309e+006 
2.430442e+006 1.116898e+006 1.038294e+006 
2.209493e+006 1.063538e+006 9.947925e+005 
2.008630e+006 1.012161e+006 9.568787e+005 
1.826027e+006 9.624746e+005 9.175557e+005 
1.660025e+006 9.142904e+005 8.799485e+005 
1.509113e+006 8.674735e+005 8.477828e+005 
1.371921e+006 8.218875e+005 8.159932e+005 
1.247201e+006 7.774984e+005 7.826880e+005 
1.133819e+006 7.343902e+005 7.524817e+005 
1.030745e+006 6.926622e+005 7.230020e+005 
9.370406e+005 6.524571e+005 6.908679e+005 
8.518551e+005 6.139905e+005 6.619036e+005 
7.744138e+005 5.774196e+005 6.330951e+005 
7.040125e+005 5.428902e+005 6.045030e+005 
6.400114e+005 5.104903e+005 5.740217e+005 
5.818285e+005 4.802808e+005 5.465284e+005 
5.289350e+005 4.522284e+005 5.197898e+005 
4.808500e+005 4.262550e+005 4.939583e+005 
4.371364e+005 4.022359e+005 4.691920e+005 
3.973967e+005 3.800114e+005 4.456146e+005 
3.612697e+005 3.594002e+005 4.233109e+005 
3.284270e+005 3.402112e+005 4.023253e+005 
2.985700e+005 3.222541e+005 3.826650e+005 
2.714273e+005 3.053476e+005 3.643035e+005 
2.467521e+005 2.893254e+005 3.471866e+005 
2.243201e+005 2.740409e+005 3.312384e+005 
2.039273e+005 2.593689e+005 3.163669e+005 
1.853885e+005 2.452069e+005 3.024700e+005 
1.685350e+005 2.314749e+005 2.894405e+005 
1.532136e+005 2.181138e+005 2.771706e+005 
1.392851e+005 2.050841e+005 2.655554e+005 
1.266228e+005 1.923633e+005 2.544956e+005 
1.151117e+005 1.799437e+005 2.439001e+005 
1.046470e+005 1.678301e+005 2.336873e+005 
9.513361e+004 1.560373e+005 2.237866e+005 
8.648510e+004 1.445877e+005 2.141384e+005 
7.862282e+004 1.335090e+005 2.046953e+005 
7.147529e+004 1.228323e+005 1.954217e+005 
6.497754e+004 1.125894e+005 1.862933e+005 
5.907049e+004 1.028112e+005 1.772970e+005 
5.370044e+004 9.352566e+004 1.684294e+005 
4.881859e+004 8.475639e+004 1.596958e+005 
4.438053e+004 7.652123e+004 1.511086e+005 
4.034594e+004 6.883159e+004 1.426852e+005 
3.667813e+004 6.169195e+004 1.344468e+005 
3.334375e+004 5.509990e+004 1.264164e+005 
3.031250e+004 4.904646e+004 1.186173e+005 
2.755682e+004 4.351670e+004 1.110717e+005 
2.505165e+004 3.849059e+004 1.037998e+005 
2.277423e+004 3.394390e+004 9.681875e+004 
2.070385e+004 2.984929e+004 9.014239e+004 
1.882168e+004 2.617723e+004 8.378080e+004 
1.711062e+004 2.289697e+004 7.774032e+004 
1.555511e+004 1.997735e+004 7.202368e+004 
1.414101e+004 1.738755e+004 6.663027e+004 
1.285546e+004 1.509757e+004 6.155649e+004 
1.168678e+004 1.307872e+004 5.679622e+004 
1.062435e+004 1.130388e+004 5.234118e+004 
9.658497e+003 9.747712e+003 4.818137e+004 
8.780452e+003 8.386723e+003 4.430549e+004 
7.982229e+003 7.199337e+003 4.070122e+004 
7.256572e+003 6.165868e+003 3.735556e+004 
6.596883e+003 5.268479e+003 3.425512e+004 
5.997167e+003 4.491100e+003 3.138633e+004 
5.451970e+003 3.819323e+003 2.873568e+004 
4.956336e+003 3.240278e+003 2.628984e+004 
4.505760e+003 2.742494e+003 2.403584e+004 
4.096145e+003 2.315762e+003 2.196112e+004 
3.723769e+003 1.950999e+003 2.005363e+004 
3.385244e+003 1.640128e+003 1.830183e+004 
3.077495e+003 1.375976e+003 1.669471e+004 
2.797722e+003 1.152176e+003 1.522182e+004 
2.543384e+003 9.631012e+002 1.387321e+004 
2.312167e+003 8.037894e+002 1.263950e+004 
2.101970e+003 6.698892e+002 1.151182e+004 
1.910882e+003 5.576032e+002 1.048181e+004 
1.737166e+003 4.636352e+002 9.541643e+003 
1.579241e+003 3.851403e+002 8.683983e+003 
1.435674e+003 3.196758e+002 7.901996e+003 
1.305158e+003 2.651549e+002 7.189327e+003 
1.186507e+003 2.198029e+002 6.540084e+003 
1.078643e+003 1.821170e+002 5.948821e+003 
9.805847e+002 1.508289e+002 5.410512e+003 
8.914406e+002 1.248720e+002 4.920535e+003 
8.104005e+002 1.033515e+002 4.474640e+003 
7.367278e+002 8.551858e+001 4.068932e+003 
6.697525e+002 7.074805e+001 3.699842e+003 
6.088659e+002 5.851855e+001 3.364106e+003 
5.535145e+002 4.839609e+001 3.058740e+003 
5.031950e+002 4.001983e+001 2.781020e+003 
4.574500e+002 3.309003e+001 2.528462e+003 
4.158636e+002 2.735794e+001 2.298799e+003 
3.780578e+002 2.261726e+001 2.089965e+003 
3.436889e+002 1.869701e+001 1.900080e+003 
3.124445e+002 1.545553e+001 1.727429e+003 
2.840404e+002 1.277553e+001 1.570453e+003 
2.582186e+002 1.055991e+001 1.427732e+003 
2.347442e+002 8.728303e+000 1.297974e+003 
2.134038e+002 7.214229e+000 1.180003e+003 
1.940034e+002 5.962689e+000 1.072750e+003 
1.763668e+002 4.928195e+000 9.752427e+002 
1.603334e+002 4.073129e+000 8.865957e+002 
1.457577e+002 3.366387e+000 8.060046e+002 
1.325070e+002 2.782251e+000 7.327379e+002 
1.204609e+002 2.299457e+000 6.661302e+002 
1.095099e+002 1.900431e+000 6.055765e+002 
9.955444e+001 1.570640e+000 5.505268e+002 
9.050404e+001 1.298074e+000 5.004810e+002 
8.227640e+001 1.072805e+000 4.549842e+002 
7.479673e+001 8.866271e-001 4.136232e+002 
6.799702e+001 7.327574e-001 3.760220e+002 
6.181548e+001 6.055900e-001 3.418388e+002 
5.619589e+001 5.004912e-001 3.107630e+002 
5.108717e+001 4.136316e-001 2.825122e+002 
4.644288e+001 3.418460e-001 2.568296e+002 
4.222080e+001 2.825185e-001 2.334816e+002 
3.838255e+001 2.334872e-001 2.122562e+002 
3.489323e+001 1.929651e-001 1.929603e+002 
3.172111e+001 1.594757e-001 1.754185e+002 
2.883738e+001 1.317984e-001 1.594715e+002 
2.621580e+001 1.089244e-001 1.449741e+002 
2.383254e+001 9.002031e-002 1.317947e+002 
2.166595e+001 7.439703e-002 1.198134e+002 
1.969632e+001 6.148520e-002 1.089213e+002 
1.790574e+001 5.081425e-002 9.901935e+001 
1.627795e+001 4.199528e-002 9.001760e+001 
1.479813e+001 3.470686e-002 8.183419e+001 
1.345285e+001 2.868337e-002 7.439473e+001 
1.222986e+001 2.370527e-002 6.763157e+001 
1.111806e+001 1.959114e-002 6.148325e+001 
1.010732e+001 1.619103e-002 5.589387e+001 
9.188477e+000 1.338102e-002 5.081261e+001 
8.353161e+000 1.105869e-002 4.619328e+001 
7.593782e+000 9.139417e-003 4.199390e+001 
6.903439e+000 7.553238e-003 3.817627e+001 
6.275853e+000 6.242346e-003 3.470570e+001 
5.705321e+000 5.158964e-003 3.155064e+001 
5.186656e+000 4.263607e-003 2.868240e+001 
4.715141e+000 3.523642e-003 2.607491e+001 
4.286492e+000 2.912101e-003 2.370446e+001 
3.896811e+000 2.406695e-003 2.154951e+001 
3.542556e+000 1.989004e-003 1.959046e+001 
3.220505e+000 1.643805e-003 1.780951e+001 
2.927732e+000 1.358517e-003 1.619047e+001 
2.661574e+000 1.122741e-003 1.471861e+001 
2.419613e+000 9.278853e-004 1.338055e+001 
2.199648e+000 7.668473e-004 1.216414e+001 
1.999680e+000 6.337581e-004 1.105831e+001 
1.817891e+000 5.237671e-004 1.005301e+001 
1.652628e+000 4.328653e-004 9.139096e+000 
1.502389e+000 3.577400e-004 8.308269e+000 
1.365809e+000 2.956529e-004 7.552972e+000 
1.241644e+000 2.443412e-004 6.866338e+000 
1.128767e+000 2.019349e-004 6.242126e+000 
1.026152e+000 1.668883e-004 5.674660e+000 
9.328656e-001 1.379242e-004 5.158782e+000 
8.480596e-001 1.139870e-004 4.689802e+000 
7.709633e-001 9.420411e-005 4.263456e+000 
7.008757e-001 7.785464e-005 3.875869e+000 
6.371598e-001 6.434268e-005 3.523517e+000 
5.792361e-001 5.317577e-005 3.203198e+000 
5.265783e-001 4.394691e-005 2.911998e+000 
4.787076e-001 3.631976e-005 2.647271e+000 
4.351887e-001 3.001633e-005 2.406610e+000 
3.956261e-001 2.480689e-005 2.187827e+000 
3.596601e-001 2.050156e-005 1.988934e+000 
3.269637e-001 1.694344e-005 1.808122e+000 
2.972397e-001 1.400284e-005 1.643747e+000 
2.702179e-001 1.157260e-005 1.494315e+000 
2.456527e-001 9.564129e-006 1.358468e+000 
2.233206e-001 7.904239e-006 1.234971e+000 
2.030187e-001 6.532429e-006 1.122701e+000 
1.845625e-001 5.398701e-006 1.020637e+000 
1.677841e-001 4.461737e-006 9.278522e-001 
1.525310e-001 3.687386e-006 8.435020e-001 
1.386645e-001 3.047426e-006 7.668200e-001 
1.260587e-001 2.518534e-006 6.971091e-001 
1.145988e-001 2.081433e-006 6.337356e-001 
1.041807e-001 1.720193e-006 5.761232e-001 
9.470974e-002 1.421647e-006 5.237484e-001 
8.609976e-002 1.174915e-006 4.761349e-001 
7.827251e-002 9.710039e-007 4.328499e-001 
7.115683e-002 8.024826e-007 3.934999e-001 
6.468803e-002 6.632087e-007 3.577272e-001 
5.880730e-002 5.481064e-007 3.252065e-001 
5.346118e-002 4.529805e-007 2.956423e-001 
4.860107e-002 3.743640e-007 2.687657e-001 
4.418279e-002 3.093918e-007 2.443325e-001 
4.016617e-002 2.556957e-007 2.221204e-001 
3.651470e-002 2.113187e-007 2.019277e-001 
3.319519e-002 1.746436e-007 1.835706e-001 
3.017744e-002 1.443335e-007 1.668824e-001 
2.743404e-002 1.192839e-007 1.517113e-001 
2.494003e-002 9.858175e-008 1.379193e-001 
2.267276e-002 8.147252e-008 1.253812e-001 
2.061160e-002 6.733266e-008 1.139829e-001 
1.873782e-002 5.564683e-008 1.036208e-001 
1.703438e-002 4.598912e-008 9.420075e-002 
1.548580e-002 3.800753e-008 8.563705e-002 
1.407800e-002 3.141118e-008 7.785114e-002 
1.279818e-002 2.595966e-008 7.077377e-002 
1.163471e-002 2.145426e-008 6.433979e-002 
1.057701e-002 1.773079e-008 5.849072e-002 
9.615463e-003 1.465355e-008 5.317338e-002 
8.741330e-003 1.211037e-008 4.833944e-002 
7.946663e-003 1.000857e-008 4.394494e-002 
7.224240e-003 8.271547e-009 3.994995e-002 
6.567490e-003 6.835989e-009 3.631813e-002 
5.970446e-003 5.649578e-009 3.301649e-002 
5.427678e-003 4.669072e-009 3.001499e-002 
4.934253e-003 3.858738e-009 2.728635e-002 
4.485684e-003 3.189039e-009 2.480577e-002 
4.077895e-003 2.635570e-009 2.255070e-002 
3.707177e-003 2.178157e-009 2.050064e-002 
3.370161e-003 1.800130e-009 1.863695e-002 
3.063783e-003 1.487710e-009 1.694268e-002 
2.785257e-003 1.229513e-009 1.540243e-002 
2.532052e-003 1.016126e-009 1.400221e-002 
2.301865e-003 8.397737e-010 1.272928e-002 
2.092605e-003 6.940279e-010 1.157208e-002 
1.902368e-003 5.735767e-010 1.052007e-002 
1.729426e-003 4.740304e-010 9.563700e-003 
1.572205e-003 3.917606e-010 8.694272e-003 
1.429277e-003 3.237691e-010 7.903884e-003 
1.299343e-003 2.675778e-010 7.185349e-003 
1.181221e-003 2.211387e-010 6.532136e-003 
1.073837e-003 1.827592e-010 5.938305e-003 
9.762156e-004 1.510407e-010 5.398459e-003 
