        7002
         408
         182
           1
         720
          78
          93
         343
         211
           9
         160
         579
         120
         492
          68
          75
         345
         302
          43
         616
          44
          18
         660
          81
          63
         369
         534
          88
         301
         461
         129
         178
        1729
         101
         123
         175
         165
         469
         958
         112
         274
         151
          70
         205
         358
          50
         225
          95
          29
         181
          34
         146
         577
         599
          62
         691
         498
         230
          60
         149
         162
         352
          24
          79
         218
          71
         102
         217
          64
         294
          95
         570
          63
         732
         142
         624
         260
         479
          82
         306
         205
         130
         339
          49
         118
         643
         221
         146
         341
         560
         106
         279
         511
         432
          97
          69
         240
         683
         138
         220
         118
          77
         259
         227
         367
         332
         136
         185
         282
          12
         373
         226
         341
         405
         469
         476
         377
         585
         921
          76
        1228
          57
          84
         257
         295
         763
         333
         175
         299
         201
         109
         173
         241
         127
          87
         199
         138
         419
          42
         326
         188
          23
          30
         317
         771
         147
         467
         192
         253
          69
         213
        1164
         365
         376
         335
         163
         464
          92
         304
          81
         594
         344
         351
         143
         110
         350
         370
         491
         426
         333
          47
         364
          49
         461
         263
         345
         472
          52
         179
         353
          32
         379
         276
         314
         244
         151
         402
         211
         138
         433
         405
          67
         366
         421
         755
         446
         199
         245
         363
         931
         144
         178
          57
         472
         370
         209
         146
          80
         699
         215
         154
         174
         697
         397
         258
         379
         124
         314
         275
        1438
         155
         196
         126
         317
         233
         101
         666
         397
         532
         185
         219
          48
         403
         232
         997
         213
         109
           9
         452
         138
          58
         573
         526
         203
          75
         253
         504
         523
         337
         415
         465
         894
         443
         330
         530
          98
         262
         302
         376
          70
         245
         445
         257
         205
         121
         322
         212
         561
         356
         149
         368
         114
          59
         257
          31
         164
         560
          48
         513
         265
         406
         211
         114
         411
         611
         468
         295
         569
         236
         127
         339
         252
         225
         275
          38
         801
         156
         150
         363
        1085
          47
         285
         347
         689
         402
         303
         431
          99
         250
         395
         354
         478
          92
         153
         231
         184
         368
         633
          88
         690
         326
          31
         294
         279
         294
         745
         263
         133
         128
         370
         244
         225
          63
         321
         860
         603
         331
         247
         111
         572
         606
         138
         696
         295
         919
         156
         252
         191
         327
         244
         176
         281
         271
         393
         904
         223
         161
         958
         250
         112
         292
         111
         125
         111
          67
         480
         230
          74
         453
         382
         295
          77
         148
         291
         186
          94
         372
         471
          90
          66
         387
         281
         251
          67
         293
         163
         152
         897
         217
         300
         263
         117
         370
         871
         480
         638
        1162
         421
         501
         858
         222
          62
        1162
         319
         302
         356
         138
         209
         396
         187
         155
          81
         261
          41
         217
         460
         138
         595
         300
         407
         111
         437
         202
         241
         263
         689
         339
         215
         195
         632
         406
          70
         227
         410
          45
         110
         170
         408
          28
         170
         175
         474
         390
         409
         345
         146
          21
         251
         463
         205
         226
          92
        1109
          27
         295
         487
         856
         199
         109
         251
          29
         572
         128
         345
         235
         740
         132
         638
         255
         159
         462
         282
         256
         238
         317
         610
         464
          56
         173
         171
         241
         454
         316
         379
         415
         415
         918
         588
         976
         387
         589
         529
         157
         248
         215
         337
         250
         511
          80
         197
         205
         184
         147
         174
         569
         461
         391
          98
         110
         340
         211
         672
          74
         286
         401
          75
          55
         440
         171
         162
         239
         262
         413
         626
         419
         188
         245
         178
         793
         410
         388
         229
         277
         193
         246
         305
         427
          51
         195
         613
         190
         643
         283
         288
         464
         524
         570
         386
         350
         316
         175
         406
         233
         690
         115
         224
         408
         544
         855
         297
          90
         147
         421
         652
         556
         114
         457
         439
          77
         613
         275
         163
         254
          24
         182
         133
         365
         399
         864
         102
          39
         731
         202
         506
         390
         345
         541
          60
         191
         377
         214
         442
         254
         650
         778
           8
          93
         271
         147
         427
         343
         381
         631
          19
          74
         287
         188
         175
         187
          81
         190
        1091
         350
         224
         288
         156
         551
         585
         397
         387
         242
          77
         353
         140
          47
         361
          60
         180
         895
         293
         497
         108
         331
           4
         589
         254
         225
         338
         547
          81
          15
         311
         418
         593
         604
         759
         222
         178
          44
         156
         380
         501
         421
         125
         645
         111
         126
         227
         412
         293
         489
          41
          69
         496
         222
         288
         223
         404
         363
         124
         368
         355
         338
         156
         209
         122
         845
         209
         410
         284
          68
         332
         141
         502
         348
         209
         337
         224
         218
         242
         548
          97
         225
         388
         423
         172
         291
          75
         703
          34
         357
         378
         105
         303
         232
         149
         400
          86
         717
         225
         215
         305
         420
         142
         217
         152
          39
          54
         426
         389
         232
         648
         311
         502
         130
         190
         310
         749
        2464
         534
         265
         229
         328
         125
        1076
         165
         395
          27
         417
         362
         146
         225
         178
         179
         526
         266
         545
         448
         335
         825
         293
         276
         281
         179
         113
          40
         318
         654
         179
         317
          96
          97
         421
         109
         421
         818
         359
         500
         464
         227
         605
          35
         329
          20
          95
         325
         311
         207
         684
         793
         308
         202
         283
         350
         325
          14
         266
         491
         407
         113
         455
         328
         487
         346
         201
          70
         163
         191
         199
         590
         121
         391
         492
          44
         323
          78
         341
         237
         202
         369
         328
         169
          41
         484
         300
         171
        1102
         189
         129
         281
         243
         111
         386
         819
         119
         598
         216
         101
          78
         400
         160
          90
         198
         568
         234
         305
         147
         314
         137
          84
         343
         377
         142
         160
         112
          33
         213
         114
         249
         301
         157
         315
         235
         237
         333
          31
         194
          57
          70
         379
         529
         314
         414
          49
         464
         273
         543
         717
         522
         207
         245
          57
         356
          91
         840
          33
         363
         175
          65
         235
         735
         163
         570
         287
         231
         157
         207
         540
         434
         168
         218
         315
         208
         387
          54
         488
         304
         117
         832
         257
         571
        1838
         612
          14
         211
         497
          52
         381
         166
          62
         292
         539
         307
         210
         420
         183
          43
         406
          85
         611
         519
         280
         114
         214
         295
         215
         243
         810
         305
         141
          20
          49
         639
         113
         210
         407
         547
         353
         227
          70
         240
         301
         422
         268
         394
          79
         345
         605
         382
         309
         126
         239
         156
          25
         309
          96
         109
         299
         209
         348
         180
         299
         146
         237
         501
         226
         406
         259
         185
          95
         329
         121
         248
         129
         317
         413
         864
         361
         151
         315
         290
         270
         128
          89
         152
          23
          26
         115
         147
         134
         588
         156
         246
        1344
         156
          41
         284
          41
         219
         156
         319
         260
        1461
         590
         143
         419
          45
         240
          79
         269
          21
         345
         159
         396
         410
         212
         281
         241
         493
         156
         347
         218
         319
         576
         564
         321
         165
         783
         364
         287
         250
         507
         566
         134
         109
         249
         295
         282
          77
         295
         814
          84
          76
         574
         481
         211
         423
         350
         347
         301
         320
          50
         435
         209
          99
         245
         449
          77
         187
         349
         100
         130
          82
         130
         301
         326
         299
         372
          64
         499
          43
          72
         318
         188
         398
         336
         355
         160
         312
          72
          56
         222
         253
         676
         223
         253
         372
         292
         311
         260
         629
         676
          79
         693
         936
         311
         303
         289
         829
         444
         755
         218
         881
         249
         457
          62
         381
         503
         296
         496
          77
        1378
         429
         137
         490
         110
         213
        1150
          21
         170
         276
         331
          87
         331
         108
         161
         294
          20
         299
         334
         261
         221
         422
         143
          78
         402
          55
         171
         148
         216
         597
         337
          15
         874
         286
         347
         185
         255
         411
         674
         403
         414
         143
         128
         817
         196
         182
          56
         696
         227
         625
         304
         524
         530
           4
         811
         190
         222
         386
         348
         101
         629
         419
         339
         130
         354
         210
         295
         408
         225
         316
         347
         521
         794
         595
         129
         542
          71
         276
         208
         619
         511
         220
          64
         328
          74
         102
         497
          99
          33
         353
         303
         322
          58
         485
          82
         218
         279
         187
          85
         218
         255
         654
         657
         123
          57
          60
         601
         165
         508
         245
          96
         273
         424
         144
         273
         403
         451
         626
          57
         343
           9
          87
         238
         413
         259
         427
         296
         189
         174
          27
         387
         324
           6
         147
         189
         576
         358
         241
         663
         375
         442
         157
         257
         299
         331
         358
          67
         271
         582
         523
          59
         394
         245
          75
         210
          55
          68
         735
         200
         238
         403
          71
         517
         135
         125
         693
         117
         389
         368
         173
         297
          27
         203
         549
         239
         152
         362
         186
         100
         400
         243
         234
         469
         233
         325
         320
         471
         254
         265
         161
         325
          49
          30
         335
         457
         161
        1037
         116
         184
         287
         327
         309
          28
         336
         479
         309
         415
         754
          57
         253
         434
         297
        1284
         497
          45
         315
         391
         531
         661
         323
          98
         543
         133
         525
         235
          62
         412
         220
         865
         614
          92
          42
         251
          40
         399
         541
         486
         138
         265
         607
          39
         161
         186
         227
         527
         227
         181
         582
         773
         199
         308
         158
         119
          83
         136
         783
         169
         784
         373
         105
         374
         402
         231
         425
         261
         175
         376
         112
         182
         741
          86
         263
          87
         257
         412
         261
         334
         401
         188
          78
         124
          74
         226
         299
         631
         481
         293
         751
         376
         514
         123
         201
         225
         467
         305
         363
         491
          44
          35
         533
         512
         583
          87
         560
         407
         322
         100
        1300
         122
         389
         167
         481
         637
         242
         166
         347
         189
         248
         321
          71
         361
         156
         104
         481
          35
         257
         304
         285
         339
         151
         325
         389
         771
         135
         352
         364
         125
         388
         365
         306
         154
         383
         291
          74
          79
         329
         572
         143
          92
         402
         424
         152
          31
         180
         156
          78
          15
         355
         120
         270
          91
          47
         142
         263
         137
         437
         456
         776
         525
         306
         101
         268
         165
         633
          43
         423
         610
         428
          47
         311
         303
         875
         400
         371
          90
         225
         462
         206
         695
         231
          53
         967
         171
         162
         175
         317
         228
         245
         344
         523
         289
         196
         110
         264
         300
         641
         315
         183
         634
         127
         585
         446
         175
         274
         474
         119
         281
         313
         299
         213
         523
          35
         247
         659
         148
         322
         368
          88
         219
         674
          70
         420
          44
          90
         524
         299
         274
         744
         800
         309
         202
          73
        1356
         159
        1081
         556
         698
         434
          44
         269
         335
         195
         370
         709
         566
         139
         137
         452
         313
         570
         114
         237
         183
         259
         612
         522
         181
         114
         302
          54
         221
         347
         520
         200
         564
         482
          98
         119
         305
         161
          69
         461
         351
         649
         329
         300
         393
          44
         129
         562
         258
         108
         323
         108
         127
         195
         366
         315
          19
          48
         307
         171
         292
        1247
          32
          86
         235
          84
         220
         224
         170
         362
          56
         173
         204
         235
         212
        1406
         376
          62
         501
         159
         460
         468
         297
         104
         800
         153
         254
         635
         148
         372
         193
         211
         148
         273
         270
         304
         217
           2
          97
         100
         101
         441
          82
         416
         571
         198
         260
        1250
          90
         262
         305
         478
         146
         527
         217
         320
         725
          46
          38
          70
         100
         553
         226
         370
         178
         289
         604
         272
         326
         327
         164
         272
         225
          93
         591
         746
          82
         279
         275
         114
         334
         501
          83
         649
          52
         317
         308
          15
         195
         148
         305
         275
         574
         170
         158
          55
         265
          74
         383
          32
          99
          91
         154
         353
         622
         101
         276
         476
         117
         307
         860
         292
         318
         579
          80
         638
          86
         261
         180
         100
         366
         115
         202
         109
         398
         219
         551
         216
         158
         628
         378
         148
         303
          86
         179
         196
         289
         253
         204
         134
         707
          42
         353
         187
         351
         160
         214
         324
         348
         207
         656
        1060
         299
         510
         300
         146
          75
         805
         264
          53
         360
          92
         245
          48
         329
         293
          61
         223
         486
         256
         491
         138
          76
         174
          92
          71
          48
         113
         306
         410
         208
         397
         487
         142
         202
         229
         268
          77
          26
          21
         305
         302
         280
         287
         317
          77
         123
         307
          35
         650
         175
         150
           7
         194
         315
         282
         141
         427
         615
         371
         241
         567
         192
          69
         131
         269
         409
         124
         339
         107
         261
          92
         195
         357
         589
         191
         385
         143
         315
         335
         628
         331
          69
         187
         149
         149
          31
         337
          73
         105
         716
         214
         245
         339
         376
         270
         818
         423
         173
          99
         523
         482
         197
         110
         552
         221
         477
         662
         199
         389
         307
         464
         261
         519
         331
         341
          92
          51
         285
         293
         322
         333
         359
         203
         743
          79
           3
         295
          38
         230
         341
         306
         451
         295
         820
          80
         321
         455
         513
         106
         285
         162
         444
         184
          91
         259
          53
        1147
         171
         709
         561
         311
         309
         146
         871
         369
         150
         245
         377
          57
         324
         262
         409
         529
         482
         353
         252
         217
         345
          92
         609
         589
         313
         502
         267
         160
         128
          65
         289
         629
         228
         669
         269
         244
         192
          95
         338
         181
          53
         217
         302
          65
         103
         121
         208
         253
         254
         768
         295
         106
         267
         158
         207
         545
          13
         304
         388
         424
          19
         228
          52
         332
         140
         348
         536
         108
         287
          69
         317
         317
         110
         269
         172
         499
         307
         164
         311
         338
         372
         181
         269
         122
         371
         773
          79
          89
         156
          44
         537
         227
        1169
         362
         174
         655
         472
         363
         178
         421
         215
         399
         296
         279
         455
         233
          70
          67
         125
        1280
         107
         289
         280
         395
         480
         302
          27
         196
         182
         318
          76
         360
         675
         256
          17
         303
         345
         543
          52
         752
          84
         618
         570
         853
         113
         105
         110
         979
         112
          83
          42
         190
         175
         381
         307
         489
         421
         293
         692
         201
         877
         546
         410
         435
         219
         251
         287
         156
         222
         183
         529
         281
         132
          79
         282
         546
         460
         506
         971
         402
         426
         464
         220
          59
         486
          24
         186
         381
         215
          42
         249
        1306
          35
          89
         279
         529
         210
         168
         268
         389
         173
         363
         104
         189
         158
         326
         772
         544
          14
         265
          13
         365
         265
         162
         107
         309
         352
         200
         838
         405
         427
          73
         526
         991
         186
          24
         163
         158
         259
         318
          89
          40
         667
         119
         837
         313
         414
         267
         214
         615
         246
         326
         513
         180
          12
         212
         208
           9
         550
         406
         347
         301
         363
         311
         210
         424
         315
         657
          48
         235
         255
         338
         265
         127
         308
         185
          28
         246
         490
          31
         196
         522
         412
         351
         345
          42
         346
          87
         350
         209
         394
          81
         248
         195
         318
          84
         165
         176
         102
         307
         366
         329
         305
         669
         347
          35
         196
          78
         126
         602
         318
         124
         164
         107
          99
         393
         372
         254
         297
         347
         331
         551
         137
         296
          76
         335
         407
         303
         211
         349
         486
         234
          82
         188
          57
         615
         321
         437
          67
         156
         505
          90
         323
         285
         310
         168
         200
         789
         557
         555
         180
         527
         330
         323
         275
         443
         424
         283
         349
         178
         249
         319
         195
         504
          90
         295
         308
         591
         438
         265
         245
         612
         222
         402
         135
         538
         401
         229
         309
         167
         474
         838
         402
         359
         301
         218
         347
         281
          54
         450
         258
         230
         474
         535
         295
         453
          95
          45
         538
         261
         124
          27
          74
         661
         289
         145
         361
          84
         207
         334
         144
         361
         117
          14
         883
          72
          99
          59
         333
         378
         788
         399
         170
         291
         368
         203
          33
         333
         322
         514
          81
         359
         298
         478
         412
         203
         291
         539
         455
         442
         113
         500
         316
         313
         114
         596
         207
         336
         357
          43
         291
          36
          48
         247
          65
         371
         379
         242
          92
         392
         409
          55
         476
         244
         140
         139
         221
         575
         973
         434
         298
         220
         277
         881
         126
         562
         651
          85
         205
        1223
         262
         273
         219
         232
         546
         329
         816
         834
          53
         104
         267
          19
         314
         449
         247
         114
         360
         730
         315
         581
         219
          76
         329
         110
         335
         263
         298
         488
         239
         273
         183
         231
         106
         301
         378
          50
          76
         316
         283
         330
         237
         168
        1387
         803
         334
         118
         591
         110
         156
         102
         619
         216
         317
          82
         196
         341
         246
         230
          56
          79
         419
         245
         520
         479
         349
          26
          42
         461
          50
         606
          18
          12
          30
         374
         341
         225
         368
         318
         277
         228
         327
         556
         223
         817
        1027
         281
         367
         275
         678
         364
         505
         318
         287
         187
          80
         279
          93
         302
         435
        1025
          69
         672
         110
         130
         227
         382
         376
          92
         137
         227
          76
         372
         349
         626
          42
         278
          33
         418
         243
          22
          48
          64
          52
         177
         192
         158
         106
         313
         274
         102
         229
          23
          26
         536
         185
         163
          86
         408
         264
           3
          23
         401
         122
         282
         218
          57
         170
         408
         628
         337
          33
         122
         213
         156
         267
          52
         365
          74
         754
         552
          64
         148
         516
         294
          55
         110
         210
         130
         161
         273
         343
          32
         365
         362
         291
         295
          14
         313
         305
         264
         589
         347
          37
         576
         579
         287
         318
         513
         416
         247
         245
         371
        1081
         538
         150
         444
          10
         116
         552
         945
         335
         240
         325
         460
          44
         385
         210
          46
          40
         930
         575
         249
         368
         478
          52
         299
         332
         282
         228
         272
         281
         441
         212
         106
         517
         198
          50
         205
         390
         337
         398
         436
         362
         661
          57
         160
         288
         566
         319
         143
         450
         429
         363
         127
          21
         363
         283
         847
         487
         263
         220
         311
         406
         558
          41
         139
         586
         302
         969
          99
         148
         651
         113
          93
         138
         662
          22
         547
         292
          51
         244
         612
         151
         320
         269
        1911
         307
         277
         394
         278
         345
         137
         344
         279
         315
         933
         512
         728
         221
         547
         351
         247
         520
         383
         266
         361
         426
          62
         291
         491
         279
         331
         464
         858
         585
         442
         187
         220
         298
         415
         225
         305
         598
          84
         364
         106
         330
         220
         305
         621
          36
         411
         658
         297
          61
         515
         488
         355
         371
         437
          58
         480
         383
          72
         182
         502
         345
         493
         133
         468
         525
         278
         287
         344
         186
         259
          73
          73
         135
         402
          67
         161
         441
         242
         254
        1086
         574
         183
         166
        1075
         159
         201
         277
         279
         406
         375
         121
         222
         700
         510
         462
         855
         224
          17
         618
         524
         147
         677
         353
          73
         477
          72
         774
         594
         561
         479
          88
         107
          41
          80
           8
          90
         133
         297
         266
         558
          57
         272
         214
         378
         471
         254
         231
         331
         140
         120
         582
         625
         331
         333
         209
         192
         860
         434
         124
         349
         501
         566
          64
         560
         177
         347
         432
          61
         299
         276
         339
         191
        1197
         367
         199
         435
         195
         680
          28
         115
         194
         575
         414
          51
         112
         151
         524
        1065
         209
         652
          70
         497
         166
         231
         295
         380
         227
         290
         235
         212
         243
         208
         153
          51
         135
         260
          31
         367
         195
         109
         263
         333
          19
         374
         275
         550
         234
         228
         323
         266
         621
          84
         269
          77
         334
         121
         277
         652
         138
         230
         259
         818
         248
         664
         190
         930
         357
         576
         167
         215
          96
         171
         202
         515
         409
         110
          23
         209
         699
         111
          94
          58
         313
         266
         130
         503
         809
         300
         343
         682
         560
         151
         261
         264
          83
         258
         494
         339
         249
          60
         227
         121
         449
         549
         135
         456
         291
          66
         688
         204
         528
         128
         146
         184
         241
         357
         267
          55
         331
         203
         291
         162
         261
         330
         183
         299
         427
         123
         162
         154
         457
         457
         393
         336
         614
         329
          59
         189
         585
         101
          93
         296
          70
         216
         155
         267
         409
         238
         235
         228
         613
          96
         121
         251
         417
         371
         160
         373
         489
          68
         531
         630
         191
          22
         204
         338
         411
         180
         365
         113
         488
         420
         275
         103
          91
         241
         407
         508
         388
          30
         227
         344
          34
         458
         733
          55
          91
         291
         261
         158
         455
         839
         317
         239
          51
         452
         322
         269
         286
         166
         323
         476
         341
         197
         232
         106
         482
         259
         372
         317
         677
         503
         197
         396
         357
         612
          64
          28
         579
         259
         243
         216
          99
         814
         281
         292
         214
          41
         156
         411
         175
         205
         338
         619
         267
         162
         101
         398
         424
         341
         399
         271
         427
         598
         309
         539
         346
         470
         115
         155
         291
        1004
         312
         152
         250
         282
         330
         504
         136
         433
          64
         172
         263
         574
           8
         214
         421
         405
          37
        1112
         373
         319
         390
         313
         699
         102
         371
        1038
          20
         275
         329
         317
         844
         364
         119
         288
         229
        1397
         715
         336
         379
         382
         142
          62
         501
         123
         322
         277
         363
         325
          25
         188
         283
         253
         729
         377
         521
          60
         143
          65
         247
        1129
         972
         576
         465
         269
         164
         247
          15
         274
         177
         198
         369
          52
         879
         381
         515
         407
          88
         284
         225
          86
         347
         181
         167
         598
         207
         380
         614
         311
          98
         253
         585
         544
         512
         239
         192
         666
         106
          14
         204
         232
         293
          56
         181
         182
          60
         157
         252
         365
         208
         422
         178
         147
         316
         365
         253
         674
         451
         431
         480
         477
         455
          49
         319
         254
         145
         153
         182
         242
         465
          77
         485
         468
         147
         149
         357
         247
        1694
         369
         330
         459
         102
        1512
         247
         337
         541
         208
         227
          59
         675
         179
          36
         160
         488
         813
         371
         520
         207
         333
          84
         615
         381
          33
         363
          81
          70
         661
         350
         536
         598
         256
         247
          77
         320
         511
          49
         357
         344
         235
         299
         568
         140
         256
         349
         318
         166
         148
         260
          95
         275
         229
         324
         355
         372
         277
         376
         150
         255
         374
         245
         433
         275
         156
         299
         295
         265
         277
         552
         399
         304
         194
         156
         339
         303
         119
         236
         214
         863
         137
         601
         473
         322
         327
          52
         365
         230
          90
         147
         484
          24
         189
         133
         533
          75
         117
         631
         167
         478
         173
         202
         200
         126
         826
         619
          67
         378
         180
         353
          81
          42
         289
         358
         156
         343
         323
         799
         340
          14
         163
         321
         348
         183
         287
          40
         156
         119
         311
         518
         182
         381
         229
         265
         415
          17
          99
         475
         386
         863
         172
         105
         390
         206
         194
         120
         184
         285
         322
         200
         266
         380
         134
         701
         377
         170
          85
         299
          53
         192
         300
          44
         414
         455
          99
         463
         213
         177
         105
         511
         551
         386
         487
         323
         999
         395
         166
         451
        1229
         519
         381
         580
         277
          28
         125
         520
         247
         242
         313
          66
         446
         349
         608
         828
          41
         496
         575
          99
         138
         481
         681
         492
         359
         471
         182
         162
         159
         211
         173
          83
         518
         157
         312
         383
         358
         314
         415
         498
         546
          47
         333
          90
         183
         221
          19
          16
         386
         322
         197
         798
         108
         538
         700
         260
         277
         293
         212
         308
         336
         484
         107
         334
         325
         399
         232
         225
         468
         304
         235
         377
         325
         109
         430
         288
         174
         408
        1324
         371
         172
         187
         227
         163
         197
         383
         747
          92
         191
         493
         426
         554
         383
         116
          49
         261
         335
         117
         216
         129
         402
         262
         582
          60
         176
         195
         559
         323
         326
         247
         241
         421
         215
         232
         419
          45
         836
         203
         287
          59
         275
          46
         355
         345
         157
         185
         215
         865
         291
         261
          42
         317
          87
          98
         159
          92
         162
         438
         106
         952
         321
         281
          75
         426
         231
         202
         339
         924
         307
         796
         157
          24
         226
         724
         893
         233
         363
         218
         137
         103
         693
         311
         152
         429
         229
          17
         466
         226
         351
         931
         702
         115
         594
         464
         361
          77
         297
         537
         389
         709
          27
          45
         131
         663
         567
          48
          61
         442
         655
         302
         323
          55
         152
         107
         495
         172
         178
         723
         419
         251
         337
         303
          59
         544
         330
         547
         400
           5
        1029
         319
         209
         364
         141
         490
         425
         124
         108
         299
         326
         186
           6
         309
          83
         611
         213
         213
         422
         323
         242
          53
         131
         356
         287
          89
         325
         105
         346
         269
         284
         259
         552
         333
          32
          81
         115
          54
         189
         265
         853
         363
         359
         144
         553
         181
         165
         245
         494
         371
          92
         470
         199
         479
          98
         402
         222
         142
         326
         429
          74
          78
          36
         450
         530
         115
         327
         847
          46
         297
         466
         224
         418
         239
         431
         313
         467
         404
         283
         367
         452
         232
         664
         260
         463
         319
         355
         204
         367
         726
         336
         311
         521
         266
         343
         114
         210
         114
          99
         673
         289
         227
          61
          38
         243
         146
         163
         117
          81
         144
         271
         416
         997
         315
         403
         335
         110
          69
         170
         340
         119
         335
         124
         245
         251
          72
         507
        1086
         452
         166
         614
        1023
         344
          67
         192
         461
         191
         986
          71
         170
         185
           3
         508
         277
         632
         289
          96
         216
          90
         337
         265
         215
          47
        1258
         291
         269
         682
          32
         317
         803
         328
         225
         530
         536
          64
          30
         147
         240
         377
         541
         300
         608
         113
          54
          93
         660
         182
         694
         302
         298
          97
         319
          29
          21
         247
         202
         144
         161
          25
         280
         324
         543
          61
         502
         268
         466
          46
         200
         545
         134
          71
         513
         302
          62
         213
         129
         159
         135
         497
         357
         320
         247
         148
         190
         178
         193
          94
         356
         172
         350
         189
         267
          97
         265
         281
         229
         305
         493
         327
         181
         236
           7
          99
          91
         383
         420
         251
         229
         165
         160
         585
         874
         427
         174
         402
          72
         304
         705
         594
        1014
         166
         226
         257
         102
         144
         178
         119
         323
         557
         385
         118
         303
         277
         323
         345
         357
         232
         286
         145
         339
         321
          25
         170
         117
         637
         232
          84
         131
         501
         107
         381
         318
         277
         351
         547
         329
         170
         178
         620
         401
         197
         160
         196
         510
         297
         327
         211
         837
         303
          18
         726
          99
         182
         704
         239
         300
         181
         210
         413
         343
         424
          33
         176
         911
          61
          60
         199
         261
         259
          63
         281
         300
         453
          95
        1085
         202
         158
         312
         364
         186
          69
         175
          25
         746
         265
         597
           7
         468
         153
          52
         259
         178
         342
         253
         275
         285
         685
         231
         152
         115
          92
         157
         261
         170
          42
         335
         344
         323
         332
         166
         379
          75
         283
         141
         590
         317
          83
         230
         323
         977
         297
         103
          43
         133
         307
         495
         177
         270
         340
          63
         134
         357
          75
         327
          67
         219
         210
         281
         142
         211
         197
         130
         368
         198
         205
         129
         192
         244
          49
         508
         172
         476
         403
         438
         472
         104
         325
         329
         947
         289
         115
         239
         263
         157
         148
         155
         133
         301
         272
          93
          40
          66
         303
         217
         205
          76
         774
         377
          49
         278
          73
         369
         579
         428
         229
         198
         139
         278
         673
        1276
         325
         119
         322
         173
         698
         231
         501
         339
         481
         451
         255
         295
         186
         243
          52
         146
         408
          91
         297
         327
         278
         309
         323
         419
         558
        1273
         435
         270
          44
         320
         346
         485
         200
         342
         243
         168
          54
         335
         530
         252
         127
        1224
         105
          36
         200
         682
         469
         606
          96
          30
         325
          71
         149
         168
         288
         374
         780
         285
         346
         245
         259
         348
         291
         437
          10
         380
         435
          83
         384
         342
         405
         317
         214
          88
         341
         169
         379
         222
         589
         488
         829
         114
         231
         165
         237
         343
         244
          55
         444
         339
         188
         319
         409
         434
         285
         190
         172
          73
         365
          36
         701
         461
          53
         542
         512
          94
         249
         646
         543
        1349
         147
         486
         480
         305
         255
         210
         183
         345
         353
          33
         279
          92
         353
         997
          47
         630
         352
         372
         412
         271
         335
         396
         579
         113
         639
         309
         386
         303
         365
         396
         745
         448
         587
         696
         217
         345
         947
         341
         404
         480
         119
         166
         520
         259
         272
         237
          11
         698
         492
         718
          92
          80
          29
         182
         678
         212
         644
         245
         318
         334
         230
         446
         370
         918
         674
         251
         367
          81
         249
         318
         151
         289
          75
         238
         162
         234
         691
         286
          60
         307
         278
         564
         461
         334
         140
         191
         245
         365
         424
         469
         182
         525
         148
          70
         136
         287
         214
         447
         106
         165
          64
         242
         688
         300
         894
         361
          65
         243
         295
         317
         413
         488
         681
         371
         180
         329
          52
         192
         215
         331
         337
         508
         253
         333
         298
         308
         371
         879
         119
         420
         604
         291
         118
         337
           3
         440
         147
         146
         275
         350
         434
         189
         534
         264
         483
         301
         154
         495
         323
         201
          94
         160
         533
         380
         298
         292
         185
          88
         566
         189
         154
         135
         439
         278
         170
         339
         183
         229
         181
         475
         125
         307
          98
          52
         150
         418
         290
         166
         419
         235
          53
         255
         150
         314
         568
          14
         385
         107
         263
          45
         198
         302
          79
         259
         238
         131
         284
         334
         599
         323
         545
         587
         146
         405
         374
         267
         230
         330
          22
         277
         299
         450
         358
         585
          48
         166
         107
         295
          31
          87
         285
         436
         502
         193
         408
          98
         101
         316
          53
         317
          92
         439
         368
          45
         439
         207
         127
         301
         216
         185
         385
         100
         215
         277
         257
         994
         207
         551
         232
         464
         603
         568
         329
         343
         323
         219
         393
         331
         376
         461
         131
         237
         272
         134
         160
         438
         354
         321
         686
         406
         129
         380
         295
         384
          68
         254
         189
         406
         401
         329
         260
         269
         150
         344
         177
         458
          65
          86
         291
         285
         148
          45
         394
          68
         179
         737
         379
         301
         502
         405
         205
         775
         283
         168
         840
          44
         109
         984
          83
         440
         383
         249
         189
         463
          66
         695
         565
         347
         739
         110
         270
         516
         637
         359
         238
         540
         319
          85
          67
         135
         261
         269
         660
        1232
         377
         207
         635
         108
         174
         265
         435
         179
         472
         322
         202
         365
          35
         148
         674
         265
         105
         422
         487
         545
         252
         345
         309
         213
         702
         661
         318
         329
         518
         269
         282
         534
          57
          96
         150
          68
         969
         480
          95
         659
         973
         292
         154
         367
         403
         216
         123
          87
         174
         316
         239
         309
          95
         239
         257
         295
         451
          92
          37
         550
         417
         167
         496
         624
         269
         297
         819
         237
         299
         280
          87
         135
          91
         861
         152
          39
         335
         145
         190
         310
         347
         488
          96
         350
         146
         581
         449
         186
         458
         109
         102
         734
         325
          91
         281
         285
         247
          67
         221
         468
         217
          49
         209
         133
          34
         155
         553
         170
         131
         332
        1282
         481
         104
         349
         106
         187
         462
         546
         454
         258
         262
         261
         709
         531
         251
         464
         183
         559
         295
         605
         262
         265
          56
         297
          95
          74
         321
          54
          68
         303
          17
         228
         427
         297
         218
         313
         343
         196
         554
         248
         195
         205
          75
          59
         293
          47
         170
        1092
         242
         314
         106
         352
          46
         220
          37
         502
         389
         262
         264
         647
         490
         351
         303
          80
         477
         435
          62
         123
         245
         132
         549
          70
         383
          59
         331
         323
          59
         508
         370
         393
         393
         344
         133
         199
         518
         170
          99
         395
         289
         369
         507
         347
         281
         523
          37
         340
         669
         233
         339
         665
          67
          60
         265
         478
         162
         387
         131
         504
         226
         951
         417
         974
         168
         320
         368
         361
         204
          77
         196
         146
         178
         373
         357
         374
         140
         679
         365
         103
          36
         550
         315
          38
         711
         487
         535
         303
         212
         967
         172
          90
        1076
         512
         252
          37
         373
         356
         325
         469
         146
         158
         358
         798
        1228
         407
         289
         145
         251
         573
         560
         260
         319
         339
         350
         388
         322
         490
         478
         313
         185
         268
         144
         128
         289
         291
          43
         426
         672
         292
         140
         795
         344
         414
         250
         216
         584
         406
         331
         419
         391
         361
         364
         101
         547
         550
         362
         217
         455
         223
         336
         962
         371
         152
         543
         161
         109
         112
         293
          87
         116
         228
          34
         545
         436
        1210
         264
          74
         188
          93
         154
         377
         365
         221
          52
         192
         216
          24
         367
         484
          42
         190
          21
         320
         141
         443
          61
         322
         580
         213
         356
         566
         241
         176
          60
         328
         663
         195
         113
         302
         333
         448
         237
          13
        1066
         250
          91
         370
         286
         253
          85
         144
         257
         195
         159
          43
         264
         353
         469
         200
         331
         162
         328
         645
         185
         466
         271
          18
         601
         345
         495
         410
         326
         246
         321
         271
         347
         182
         424
         125
         146
         537
          46
         345
         306
         268
         279
          66
          21
          76
         164
         168
         475
          96
         314
         170
         389
         693
         310
          22
         137
         190
         373
          43
         232
         367
         191
         261
          42
         631
           9
          18
         154
         481
        1977
         333
         584
         131
         385
         770
          12
         335
         666
          68
         470
         225
         329
         130
         262
         196
         262
         134
         220
         366
         117
         389
         363
         391
        1183
         175
         148
         620
         381
          62
         380
         331
         433
         259
         218
         353
         156
         251
          87
         199
         352
         431
         846
         192
         191
         226
         364
         281
         300
         113
         327
         276
         425
         185
         224
         323
         201
         392
         323
         384
         378
         138
         160
         217
         567
         295
         257
         467
         326
         371
         343
         721
         302
          60
         538
         302
         146
         420
          96
         391
          81
         134
          83
         291
          85
         126
         372
         190
         622
         616
         396
          51
         286
         439
          63
         763
          27
         876
          34
         551
         611
          32
         199
          89
         295
         487
         589
         858
         381
         233
         323
         531
         329
          32
         588
         341
         231
         199
         206
         172
         158
         383
         314
         456
         401
         266
         236
         174
         230
         291
         126
         301
         843
          79
         263
         438
         189
         303
         362
          31
         294
         179
         252
         306
         161
          89
         224
          41
         835
         120
         149
         130
         509
         383
         331
         650
         115
         114
         174
         109
         313
         208
         169
         346
          33
         401
         114
         462
         294
         402
         263
         703
         373
         122
         323
        1706
         444
         129
         288
         375
         508
          70
         568
         132
         434
         101
          21
         453
         186
         347
         502
         239
          84
          13
           1
          99
         144
        1177
         319
         111
         429
          41
         305
         532
          61
         209
         343
        1198
          92
         730
         488
         314
        1132
         329
          59
         186
         342
         384
         375
         311
         106
         116
         173
          81
         133
          67
         266
          96
         104
         432
         306
         253
         960
         307
         347
         309
         245
         218
         123
         267
          55
        1603
         136
         114
         110
         254
          18
         119
          35
         770
         667
        1046
         296
         157
          42
          24
         552
         427
         559
         416
         204
         452
         434
         141
         446
         555
         357
         321
         484
         112
         437
         224
         160
         354
         287
         181
         519
         255
         457
         531
         224
         514
         220
         231
         257
         402
         300
          56
          75
         342
        1031
          39
         334
         405
         376
         397
         157
         582
         201
         153
         100
         324
         297
         553
         634
         111
         403
         171
         321
         156
         645
         461
         306
         352
         194
         165
         312
         578
         466
         339
          51
          39
         642
          85
          84
         771
          41
         852
         289
         253
          57
         309
         598
         124
         494
         412
         325
         155
         231
         129
         470
         291
         313
         310
          46
         131
         526
         453
         165
         337
         229
         109
         243
         369
         490
         173
         169
         363
         276
        1290
         166
         376
         831
         177
         423
         333
         366
         202
         510
         114
         540
         498
         256
         147
         621
          41
         515
         399
          89
         159
         109
         280
         133
         208
         672
          66
         124
         110
         983
         164
         206
          36
         329
         497
         177
         134
         286
          43
         261
         112
         521
         434
         209
         100
         503
          65
         330
         617
         611
         302
         143
          76
         321
         365
         234
         233
         286
         546
         221
         225
         118
         303
         228
         204
         545
          95
         111
         463
         121
         361
          93
         304
          76
         899
         193
          99
         261
          48
         459
         295
          90
         124
          61
          77
         268
         452
          21
         369
         343
          16
         742
         455
         252
         192
         379
          25
         156
         111
         123
         346
         282
         740
         341
         294
         364
         117
         345
         307
         316
         424
         315
         265
         253
         845
          80
         170
         757
          96
         142
         165
         337
         239
         191
         352
         573
         484
         376
         457
         507
          11
         360
          99
         341
         270
         153
         552
         640
         359
          62
          19
         462
         694
        1164
         170
         279
         360
         100
        1777
         303
         314
         295
         114
         271
         277
         713
          96
         603
         429
         201
          95
         527
         292
        1070
          73
         239
         316
        1104
         387
          90
          67
          11
         297
         739
          11
         519
         844
         638
         260
         382
         535
         479
         205
         115
         325
         234
         393
         360
         307
         305
         221
         176
         767
         114
          80
         477
         748
         116
         263
          50
         550
          84
         317
         339
         361
         160
         279
         452
         228
         112
         303
         387
         401
         457
         896
         297
         313
         260
         341
         265
         696
         278
         973
         627
         412
         295
         574
          66
         189
         401
          16
         612
         288
         165
         214
         311
         194
         262
         303
         147
         287
         294
         409
         695
         100
         498
          28
         133
         289
         170
         151
         365
         207
          79
         248
        1198
         513
         289
         109
          39
         301
         198
         793
         450
          58
         651
         602
         323
         464
         180
         246
         598
         308
         489
          86
         123
         443
          67
         226
         447
         367
         236
         408
         116
         247
         100
         111
         263
         350
         678
         297
         321
         310
         207
         274
         271
         463
         363
         131
         329
         448
         737
         314
         185
         552
         463
         305
         113
         267
         213
         309
         585
         280
        1402
          47
         422
         297
         363
         966
         279
         235
          95
          41
         426
         318
         299
          66
         255
         227
         329
         157
         287
          42
         385
         279
         201
         224
         349
         138
         321
         431
         291
         672
         221
         469
         512
         191
         361
        1263
         205
         117
          86
         127
         166
         456
         205
         583
          49
         481
         174
         531
         118
         321
         145
         560
         457
         317
          55
         234
         411
         542
         105
         337
         193
         251
          28
          55
         234
         353
         103
         816
         294
         513
         748
         140
         244
         249
         110
          60
         575
         193
         419
         568
         102
         204
         263
         300
          83
         132
         915
         164
         359
         176
         208
         537
          60
         309
          19
         833
         256
        1027
         349
         162
         558
         471
         388
         836
         294
         561
         296
         284
         293
         738
         216
         410
         199
         347
         117
         172
          41
         109
         425
          19
         311
          61
         312
         502
         739
         393
         224
         170
         672
         595
         301
         189
          51
         344
          52
         380
         324
         418
         260
          88
         282
         351
         484
         175
         186
         591
         238
         255
          91
          48
         430
         268
         334
         573
         164
         153
         368
          51
          32
         655
         294
         177
         679
         196
         158
         216
          49
         375
         475
         194
         358
         448
          34
         225
         434
         485
         212
         267
         141
         362
         331
         116
          83
         217
         215
         425
         309
         363
         292
         336
         341
         494
          79
         232
         367
        1063
         189
        1093
          48
         304
         339
         384
         130
         304
         314
         561
         168
         144
         541
         323
         293
         928
         669
          51
         661
         112
         417
          50
         231
         493
         627
          88
         325
         345
         662
         278
          88
         249
         399
         279
          82
         179
         227
         456
          48
         525
         122
         165
         504
         609
         185
         176
         539
         132
          22
         355
         227
         357
         246
         308
         173
         319
           6
         195
         189
         115
         289
         348
         109
         212
         365
         891
          55
         356
         247
         163
         199
          91
         879
         275
         544
         445
        1044
         187
         454
         716
         237
         155
         189
         168
         331
         311
         204
         291
         259
         599
         141
         296
         206
         148
         455
         575
         293
         446
          75
         291
         117
         126
         221
         541
         449
         293
         109
         427
         397
         215
         380
         205
         108
         553
         328
         478
         227
         172
         143
         174
         352
         135
         222
         255
         321
         219
         287
         186
         164
          10
         328
         230
         772
         698
         471
         354
         197
         271
         283
         392
         130
         231
         793
         172
         279
         337
         105
         293
         305
         817
         197
         290
         560
         253
         422
         305
         378
         154
         235
         566
         251
         111
         117
         100
         214
         128
         309
         292
         177
         355
         298
         610
         350
         532
         472
         357
         303
         329
         512
         618
         226
          25
          61
         407
          51
         136
         247
         405
         454
         338
          38
         493
          87
         480
         403
         363
          56
        1388
          89
         378
         557
         202
         532
         193
          61
         224
         215
         344
         170
         238
          27
         359
         185
         168
         138
         309
         317
         438
         452
          94
         271
         496
         431
         224
         209
        1156
         179
          58
          18
         138
         243
          34
         334
          18
         210
         339
         333
         565
         305
         346
         388
          84
         171
        1369
         649
         631
         349
         215
         199
         290
          44
          92
         325
         439
         355
         201
         235
         320
         227
         211
         194
         345
         276
         249
         375
         355
         558
         309
         548
         411
         108
         372
         126
         218
         867
         535
         206
         115
          56
         420
         525
         675
         256
          94
         451
         359
         109
         200
         764
         389
          41
         115
         249
         335
         274
         420
         509
          25
         309
         361
         454
         317
         106
         289
         343
         180
         901
         319
         200
         228
         321
         369
         210
         495
         793
         231
         322
         339
         235
          15
         395
         297
         236
         115
         269
         270
         168
         341
         288
         258
          70
         287
         120
         279
         451
         237
         239
         347
         319
         148
         163
         402
         534
         475
         191
         440
         234
         251
         222
         427
         109
         146
          73
         198
         337
         466
         273
          86
          83
         194
          14
         315
          49
         219
         332
          74
         315
         104
         213
         365
         425
         112
         339
         126
          33
         189
          78
          97
         597
         180
          75
         433
         119
         337
         338
         168
         352
          79
         463
         394
          50
         155
         294
         313
         328
          58
         935
         159
         726
          96
         102
         903
         214
          57
         267
         325
         195
         302
         592
         211
         255
          32
         630
         285
         233
         539
         139
         374
         317
         121
         880
         454
          31
         160
         136
         527
         120
          95
         352
         177
         505
         371
         343
         329
         428
         521
         207
          18
         298
         299
          49
         262
         267
         137
         131
         388
         847
         508
         720
         188
        1555
         250
         203
          97
         579
         299
         260
         790
         245
         549
         388
         379
         339
         183
         227
         238
         723
         141
          90
         541
          77
         150
         683
          71
         193
         391
         408
         477
         105
         181
         120
         364
          63
         892
         173
         231
         184
         456
         555
          20
         110
         880
         158
         370
         169
         403
         323
         288
         119
          34
         204
         201
         289
         832
          89
         433
         440
         611
         298
         426
         259
         444
         220
         165
         192
         359
         862
         234
         711
          41
         356
         195
         309
         251
         356
         697
         353
         484
         353
          79
         529
         335
         167
         311
          65
          34
         332
         111
         216
         303
         239
         493
         269
         357
         257
         264
         315
         266
         275
         354
         191
          97
         168
         292
         335
         416
         251
         277
         195
         519
         323
         147
         307
          41
          54
         343
         263
         287
         300
         158
         365
         203
          46
         404
          96
         930
         300
         149
         902
          32
         772
         347
         318
         311
         162
          83
         428
         619
          95
         366
         279
         142
         674
         125
         357
         343
         122
         131
         577
         264
         283
         113
         120
         337
         578
         273
         267
         294
         698
          34
         375
         310
         909
         301
         293
         287
         315
          73
         380
         325
         822
         303
         286
         318
          59
         295
         159
         283
           2
         175
         569
         357
         391
         192
          94
         495
         355
         388
          30
         819
         107
         142
         563
         162
         168
         288
         369
          62
         139
         129
         724
         285
          85
         102
         206
         938
         316
         132
          62
          54
         305
         158
         367
         132
         513
         170
         118
          56
         566
         247
          90
         216
         240
         289
         185
         814
         269
         110
         260
         231
          67
         237
         535
         238
          95
         483
         365
         841
         247
         179
         173
         505
         169
         117
         289
         160
         388
         584
         243
         325
         981
         158
         594
          89
         308
         520
         121
         257
         363
         515
         346
         284
         242
         431
          44
          60
         411
         436
         608
         437
         411
         819
         350
         713
         325
         175
         233
         362
         138
        1656
         199
         271
         122
         230
         303
         267
          43
         114
         335
         112
         333
          85
          60
         287
         305
         195
         198
         396
         271
          54
          35
         297
         179
         336
         402
          48
         449
         294
         265
          11
         345
         538
         158
         263
          95
          65
         150
         584
         799
          89
         374
           6
         252
         470
         105
         170
         216
         168
         490
          42
         261
         233
         154
         904
          32
          47
         717
         219
         271
         139
         265
         203
         169
         177
          40
         327
         322
         175
         161
         134
         564
          29
         348
         508
         305
          80
         176
         211
         194
         242
         697
         183
         512
          35
         680
          87
         117
         560
         102
         294
          26
         195
         413
         477
         176
         262
         167
         331
         430
         712
         199
         204
         309
         466
         316
         807
         155
         790
         295
         322
         187
         334
         261
         223
         103
         300
         708
         324
         201
         255
         165
         198
         514
         638
         204
         399
         414
         418
         269
         199
         507
         191
         616
         361
         605
          43
         207
         163
         359
         371
         555
         333
         384
         230
         321
        1956
         285
          16
         147
          54
         268
         269
         442
         137
         257
         447
         116
         514
          68
          20
          68
         220
         497
         157
          24
         221
         213
         261
         340
         449
         342
         671
         432
         391
         296
         294
          51
         405
         222
         255
         325
         323
          92
         488
         109
         162
         644
         299
          92
         423
          99
          28
         309
         475
         389
         145
         372
         113
          79
         212
         409
          57
         486
         133
         413
         190
         260
         274
         146
         313
         164
         123
         325
         320
         252
         239
         248
         295
         407
         363
          34
         496
         308
          85
         264
         421
         200
         377
         565
         460
          95
         314
         427
         288
         186
          79
         143
         473
          58
         361
         119
         165
         712
         190
         321
         210
         404
          35
         229
          48
         358
         169
         502
         200
          11
         361
         339
          61
         146
         370
         353
         212
         301
         355
         189
          68
        1282
         189
         692
         228
         573
         128
          56
         793
         241
          27
         374
         128
         383
         522
        1241
         406
         353
         376
         795
          92
         567
         107
         421
         501
           3
         334
         297
         125
         127
         288
         150
          53
         471
        1346
         112
         635
         320
          68
         246
        1159
         258
         185
         810
         494
         342
         269
          91
         382
         471
         203
          94
          85
         464
         171
         426
         691
         148
         343
         214
         630
         234
         611
         450
         222
         361
         374
          62
         331
         398
         364
         508
         282
         243
         223
         337
          25
         681
         250
         270
         159
         193
         141
         161
         388
         157
         535
         414
         138
         868
         238
         220
          46
         386
         391
         361
         530
         213
          27
         290
          11
         397
         323
         170
         168
         308
         177
         179
         135
         183
         369
         313
         759
         135
         148
         135
         329
         206
         274
         299
         167
         280
         179
         233
         438
         168
         125
         269
         337
          35
         112
         433
         175
         202
          25
           5
         329
         315
         341
         506
         463
        1128
          93
         400
         462
         311
         501
         358
         419
          22
         357
         269
          84
         314
         328
         519
         125
          73
          80
         161
         134
         110
         317
         352
         464
         414
         296
         176
         224
         153
         301
         241
         281
         296
         885
         333
         332
         305
         355
         170
         327
         130
         231
         133
         472
         686
         285
         152
         471
         382
         371
         213
         305
         537
         328
          74
          29
         303
         110
           5
         286
         343
         347
          16
         325
          70
         238
          59
         256
         185
         269
         352
         136
         244
         264
         231
         500
         303
          78
         374
         145
         109
         113
         128
          63
         273
          18
         485
         329
         354
         325
          37
         442
         182
         781
         335
          74
         218
        1012
         482
         335
          76
          67
          99
         249
         286
         326
         289
          74
         225
         299
         535
