9.000000e-011 4.420791e+007 
1.080000e-010 4.230893e+007 
1.296000e-010 4.024468e+007 
1.555200e-010 3.803725e+007 
1.866240e-010 3.571924e+007 
2.239488e-010 3.333267e+007 
2.687386e-010 3.092616e+007 
3.224863e-010 2.855030e+007 
3.869835e-010 2.625201e+007 
4.643802e-010 2.406922e+007 
5.572563e-010 2.202725e+007 
6.687075e-010 2.013814e+007 
8.024490e-010 1.840110e+007 
9.629388e-010 1.681184e+007 
1.155527e-009 1.536056e+007 
1.386632e-009 1.403552e+007 
1.663958e-009 1.282543e+007 
1.996750e-009 1.172042e+007 
2.396100e-009 1.071133e+007 
2.875320e-009 9.789618e+006 
3.450384e-009 8.947861e+006 
4.140461e-009 8.178854e+006 
4.968553e-009 7.476441e+006 
5.962264e-009 6.834808e+006 
7.154716e-009 6.248584e+006 
8.585659e-009 5.712825e+006 
1.030279e-008 5.223349e+006 
1.236335e-008 4.775905e+006 
1.483602e-008 4.366990e+006 
1.780322e-008 3.993155e+006 
2.136387e-008 3.651380e+006 
2.563664e-008 3.338766e+006 
3.076397e-008 3.052979e+006 
3.691676e-008 2.791513e+006 
4.430012e-008 2.552360e+006 
5.316014e-008 2.333576e+006 
6.379217e-008 2.133436e+006 
7.655060e-008 1.950390e+006 
9.186072e-008 1.782951e+006 
1.102329e-007 1.629894e+006 
1.322794e-007 1.490021e+006 
1.587353e-007 1.362257e+006 
1.904824e-007 1.245718e+006 
2.285789e-007 1.139529e+006 
2.742946e-007 1.042937e+006 
3.291536e-007 9.552596e+005 
3.949843e-007 8.758974e+005 
4.739812e-007 8.042547e+005 
5.687774e-007 7.398222e+005 
6.825329e-007 6.820756e+005 
8.190394e-007 6.304992e+005 
9.828473e-007 5.845624e+005 
1.179417e-006 5.437188e+005 
1.415300e-006 5.074061e+005 
1.698360e-006 4.750790e+005 
2.038032e-006 4.462125e+005 
2.445639e-006 4.202936e+005 
2.934766e-006 3.967964e+005 
3.521720e-006 3.751711e+005 
4.226064e-006 3.548711e+005 
5.071276e-006 3.354106e+005 
6.085532e-006 3.164211e+005 
7.302638e-006 2.976773e+005 
8.763165e-006 2.790849e+005 
1.051580e-005 2.606434e+005 
1.261896e-005 2.424043e+005 
1.514275e-005 2.244393e+005 
1.817130e-005 2.068230e+005 
2.180556e-005 1.896261e+005 
2.616667e-005 1.729148e+005 
3.140001e-005 1.567531e+005 
3.768001e-005 1.412064e+005 
4.521601e-005 1.263435e+005 
5.425921e-005 1.122360e+005 
6.511105e-005 9.895484e+004 
7.813326e-005 8.656648e+004 
9.375992e-005 7.452974e+004 
1.125119e-004 6.427076e+004 
1.350143e-004 5.497594e+004 
1.620171e-004 4.665811e+004 
1.944206e-004 3.930214e+004 
2.333047e-004 3.286743e+004 
2.799656e-004 2.729354e+004 
3.359587e-004 2.250736e+004 
4.031505e-004 1.843035e+004 
4.837806e-004 1.498412e+004 
5.805367e-004 1.209372e+004 
6.966440e-004 9.689114e+003 
8.359728e-004 7.705628e+003 
1.003167e-003 6.083847e+003 
1.203801e-003 4.769553e+003 
1.444561e-003 3.713702e+003 
1.733473e-003 2.872439e+003 
2.080168e-003 2.207078e+003 
2.496201e-003 1.684062e+003 
2.995442e-003 1.274928e+003 
3.594530e-003 9.562054e+002 
4.313436e-003 7.090580e+002 
5.176123e-003 5.186118e+002 
6.211348e-003 3.731086e+002 
7.453618e-003 2.631438e+002 
8.944341e-003 1.811475e+002 
1.073321e-002 1.210620e+002 
1.287985e-002 7.806915e+001 
1.545582e-002 4.828927e+001 
1.854699e-002 2.850304e+001 
2.225638e-002 1.598617e+001 
2.670766e-002 8.479121e+000 
3.204919e-002 4.219420e+000 
3.845903e-002 1.941839e+000 
4.615084e-002 8.079004e-001 
5.538100e-002 2.945701e-001 
6.645720e-002 9.059722e-002 
7.974865e-002 2.248410e-002 
9.569837e-002 4.280655e-003 
1.148380e-001 5.899964e-004 
1.378057e-001 5.503197e-005 
1.653668e-001 3.208100e-006 
1.984401e-001 1.063060e-007 
2.381282e-001 1.787440e-009 
2.857538e-001 1.330891e-011 
3.429046e-001 3.727079e-014 
4.114855e-001 3.227211e-017 
4.937826e-001 6.830325e-021 
5.925391e-001 2.665239e-025 
7.110469e-001 1.366968e-030 
8.532563e-001 6.140134e-037 
1.023908e+000 1.483920e-044 
1.228689e+000 1.075388e-053 
1.474427e+000 1.158727e-064 
1.769312e+000 7.999677e-078 
2.123175e+000 1.288673e-093 
2.547810e+000 1.441322e-112 
3.057372e+000 2.613447e-135 
3.668846e+000 1.341062e-162 
4.402615e+000 2.397761e-195 
5.283138e+000 1.209747e-234 
6.339766e+000 8.437399e-282 
7.607719e+000 0.000000e+000 
9.129263e+000 0.000000e+000 
1.095512e+001 0.000000e+000 
1.314614e+001 0.000000e+000 
1.577537e+001 0.000000e+000 
1.893044e+001 0.000000e+000 
2.271653e+001 0.000000e+000 
2.725983e+001 0.000000e+000 
3.271180e+001 0.000000e+000 
3.925416e+001 0.000000e+000 
4.710499e+001 0.000000e+000 
5.652599e+001 0.000000e+000 
6.783119e+001 0.000000e+000 
8.139742e+001 0.000000e+000 
9.767691e+001 0.000000e+000 
1.172123e+002 0.000000e+000 
1.406547e+002 0.000000e+000 
1.687857e+002 0.000000e+000 
2.025428e+002 0.000000e+000 
2.430514e+002 0.000000e+000 
2.916617e+002 0.000000e+000 
3.499940e+002 0.000000e+000 
4.199928e+002 0.000000e+000 
5.039914e+002 0.000000e+000 
6.047897e+002 0.000000e+000 
7.257476e+002 0.000000e+000 
8.708971e+002 0.000000e+000 
1.045077e+003 0.000000e+000 
1.254092e+003 0.000000e+000 
1.504910e+003 0.000000e+000 
1.805892e+003 0.000000e+000 
2.167071e+003 0.000000e+000 
2.600485e+003 0.000000e+000 
3.120582e+003 0.000000e+000 
3.744698e+003 0.000000e+000 
4.493638e+003 0.000000e+000 
5.392366e+003 0.000000e+000 
6.470839e+003 0.000000e+000 
7.765006e+003 0.000000e+000 
9.318008e+003 0.000000e+000 
1.118161e+004 0.000000e+000 
1.341793e+004 0.000000e+000 
1.610152e+004 0.000000e+000 
1.932182e+004 0.000000e+000 
2.318618e+004 0.000000e+000 
2.782342e+004 0.000000e+000 
3.338811e+004 0.000000e+000 
4.006573e+004 0.000000e+000 
4.807887e+004 0.000000e+000 
5.769465e+004 0.000000e+000 
6.923358e+004 0.000000e+000 
8.308029e+004 0.000000e+000 
9.969635e+004 0.000000e+000 
1.196356e+005 0.000000e+000 
1.435627e+005 0.000000e+000 
1.722753e+005 0.000000e+000 
2.067304e+005 0.000000e+000 
2.480764e+005 0.000000e+000 
2.976917e+005 0.000000e+000 
3.572300e+005 0.000000e+000 
4.286761e+005 0.000000e+000 
5.144113e+005 0.000000e+000 
6.172935e+005 0.000000e+000 
7.407522e+005 0.000000e+000 
8.889027e+005 0.000000e+000 
1.066683e+006 0.000000e+000 
1.280020e+006 0.000000e+000 
1.536024e+006 0.000000e+000 
1.843229e+006 0.000000e+000 
2.211874e+006 0.000000e+000 
2.654249e+006 0.000000e+000 
3.185099e+006 0.000000e+000 
3.822119e+006 0.000000e+000 
4.586543e+006 0.000000e+000 
5.503851e+006 0.000000e+000 
6.604621e+006 0.000000e+000 
7.925546e+006 0.000000e+000 
9.510655e+006 0.000000e+000 
1.141279e+007 0.000000e+000 
1.369534e+007 0.000000e+000 
1.643441e+007 0.000000e+000 
1.972129e+007 0.000000e+000 
2.366555e+007 0.000000e+000 
2.839866e+007 0.000000e+000 
3.407839e+007 0.000000e+000 
4.089407e+007 0.000000e+000 
4.907289e+007 0.000000e+000 
5.888747e+007 0.000000e+000 
7.066496e+007 0.000000e+000 
8.479795e+007 0.000000e+000 
1.017575e+008 0.000000e+000 
1.221091e+008 0.000000e+000 
1.465309e+008 0.000000e+000 
1.758370e+008 0.000000e+000 
2.110044e+008 0.000000e+000 
2.532053e+008 0.000000e+000 
3.038464e+008 0.000000e+000 
3.646157e+008 0.000000e+000 
4.375388e+008 0.000000e+000 
5.250466e+008 0.000000e+000 
6.300559e+008 0.000000e+000 
7.560671e+008 0.000000e+000 
9.072805e+008 0.000000e+000 
1.088737e+009 0.000000e+000 
1.306484e+009 0.000000e+000 
1.567781e+009 0.000000e+000 
1.881337e+009 0.000000e+000 
2.257604e+009 0.000000e+000 
2.709125e+009 0.000000e+000 
3.250950e+009 0.000000e+000 
3.901140e+009 0.000000e+000 
4.681368e+009 0.000000e+000 
5.617642e+009 0.000000e+000 
6.741170e+009 0.000000e+000 
8.089404e+009 0.000000e+000 
9.707285e+009 0.000000e+000 
1.164874e+010 0.000000e+000 
1.397849e+010 0.000000e+000 
1.677419e+010 0.000000e+000 
2.012903e+010 0.000000e+000 
2.415483e+010 0.000000e+000 
2.898580e+010 0.000000e+000 
3.478296e+010 0.000000e+000 
4.173955e+010 0.000000e+000 
5.008746e+010 0.000000e+000 
6.010495e+010 0.000000e+000 
7.212594e+010 0.000000e+000 
8.655112e+010 0.000000e+000 
1.038613e+011 0.000000e+000 
1.246336e+011 0.000000e+000 
1.495603e+011 0.000000e+000 
1.794724e+011 0.000000e+000 
2.153669e+011 0.000000e+000 
2.584403e+011 0.000000e+000 
3.101283e+011 0.000000e+000 
3.721540e+011 0.000000e+000 
4.465848e+011 0.000000e+000 
5.359017e+011 0.000000e+000 
6.430821e+011 0.000000e+000 
7.716985e+011 0.000000e+000 
9.260382e+011 0.000000e+000 
1.111246e+012 0.000000e+000 
1.333495e+012 0.000000e+000 
1.600194e+012 0.000000e+000 
1.920233e+012 0.000000e+000 
2.304279e+012 0.000000e+000 
2.765135e+012 0.000000e+000 
3.318162e+012 0.000000e+000 
3.981795e+012 0.000000e+000 
4.778154e+012 0.000000e+000 
5.733785e+012 0.000000e+000 
6.880541e+012 0.000000e+000 
8.256650e+012 0.000000e+000 
9.907980e+012 0.000000e+000 
1.188958e+013 0.000000e+000 
1.426749e+013 0.000000e+000 
1.712099e+013 0.000000e+000 
2.054519e+013 0.000000e+000 
2.465422e+013 0.000000e+000 
2.958507e+013 0.000000e+000 
3.550208e+013 0.000000e+000 
4.260250e+013 0.000000e+000 
