        4993
          17
         363
           1
         135
          36
          10
         102
         259
          28
         256
         154
           5
          72
         644
          13
         497
         371
          25
         235
         325
           8
         405
         724
          91
         760
         336
           1
         188
         250
           2
         234
          66
           7
          50
         159
           3
         281
         171
          30
         159
         165
          37
          64
         251
           1
          15
         299
          71
         365
          26
          95
         569
         536
          92
         142
         349
         397
         439
         180
         213
           9
         439
         233
         140
          17
        1890
          15
         635
         417
         314
         348
         580
         266
         245
          89
          99
         421
         173
         659
        1900
          55
         139
         147
         930
         418
         756
         117
         281
         291
         199
         288
          81
          99
          41
         185
         106
          21
          94
         108
         116
         137
         266
         142
         565
         226
         347
         499
          69
          12
         129
         285
         281
         293
         784
          96
         237
         158
         551
          47
          81
          22
         305
          54
         476
         316
          84
         531
           3
         142
        1088
         413
          76
         184
          93
         343
         127
         146
         335
          49
         524
         622
         144
          33
         198
        1296
         217
         457
          85
         313
          27
          12
          59
         400
          93
         123
         189
         141
          12
         336
         201
         343
         135
          76
         398
         153
         700
         117
         297
         211
         236
         360
         138
         332
         252
         519
         292
         301
         133
         109
          39
         374
         639
          38
         306
        1257
         106
         196
         337
          19
         263
         261
         318
         202
         230
         144
         310
         462
          23
         159
         218
         785
        1034
         416
         233
         752
          65
         606
         193
         544
         294
          28
         332
         149
         251
         287
         202
         193
         116
          25
         589
         159
         177
          73
          85
         163
          62
         332
           2
         335
         415
          13
         361
         106
         733
          73
         453
         315
          46
         171
          88
         192
         191
         371
          64
         762
         578
         290
         698
          24
          26
         235
         343
         432
         238
          53
         202
         491
         410
         194
         171
         675
        1002
         208
         440
         194
          48
         398
         250
         126
         308
          31
          55
         197
         206
           8
         332
         223
         116
         233
         279
         126
          75
         530
          86
         106
         346
          10
         230
         231
         238
         129
         129
         134
         391
          46
           5
         113
         114
          17
          64
         112
         643
         295
         284
         230
          94
         416
         395
         180
         378
         113
         199
          61
         192
         305
         266
          28
         129
         137
         120
         121
         368
         307
          25
        1191
         306
         124
          73
          54
         562
          23
         565
          45
         230
         496
         150
         564
         367
         122
         190
          33
          29
         287
          54
          99
          25
         227
         231
         358
         313
         179
         132
         108
          20
          51
         265
          53
         148
         172
         300
         214
          80
         741
         141
         256
         388
         261
         101
          78
          79
          91
          14
         118
         300
         693
         102
         699
         547
         305
         282
         248
         231
         638
          59
         223
         137
          88
         199
          66
         290
         703
          78
         192
        1678
        1229
         106
         232
         777
         367
         395
         744
         170
         315
         144
         311
         170
         290
          15
         305
         109
         256
          86
         102
         312
         102
          60
         751
         808
         186
         123
          57
          94
         351
         243
         364
         679
         302
         123
          93
         319
         313
         299
         168
         150
         213
         404
         227
          96
          41
         153
         433
         115
          53
          15
          65
         779
         561
         666
         168
          69
         260
         322
         237
         374
         314
         162
          51
         180
         572
         166
         508
         502
          38
          57
         526
         181
         226
         529
         321
         294
         808
         649
         722
         412
         243
           9
          78
         641
         355
         403
         177
         648
         173
         551
          96
         202
         592
         199
         303
          12
          84
         774
         405
         274
         267
         362
        1021
          89
         265
          51
         264
         264
         208
          42
         338
          64
         317
         431
           7
         107
         405
         618
          25
         338
         938
         115
         275
         119
         532
         393
         104
         136
          96
          35
         246
         186
          87
         703
         453
         231
         143
         125
         432
         562
          60
         487
         363
          37
         191
         425
         304
         236
         321
         555
         453
         320
          76
          21
         571
         357
         474
         360
         125
         117
           6
         162
         234
         697
         164
         514
          96
         282
         490
         931
         311
         308
         553
         339
         739
          36
          80
         340
         295
         447
         617
         521
         125
         126
         528
         255
         457
          36
          35
         387
         267
         471
          43
         277
         171
         339
          20
          15
         622
          23
          93
          69
         134
         162
          10
         205
         433
         143
         258
         176
         874
        1141
         243
          78
          44
         241
         270
         232
         350
          69
          36
         224
          71
         605
         211
         187
          11
         117
         434
         432
         362
         599
         174
         810
          32
         242
          68
         166
         162
          86
          63
         186
         173
         361
         454
          85
         708
         325
         572
         188
         270
         395
         105
         271
         281
         115
         594
         483
          72
         625
         241
         325
         373
         150
           6
         180
         130
         162
         113
         162
         355
         178
         932
         185
         454
         224
         366
         119
         921
         409
          90
         274
         381
          29
         291
          85
         191
         398
         185
         260
         264
         228
         415
         457
         285
          14
         244
         583
          85
         441
         409
         276
          29
         110
         527
         127
         337
          59
        1164
         169
         153
         242
         136
           4
         860
         270
         962
         159
         250
         117
         294
         115
         162
         129
         175
         137
         265
          18
         324
         155
         303
          80
          10
         393
         129
         208
         339
         215
         223
          77
         424
         408
         318
         116
         458
         106
         124
         200
          18
         209
         283
         146
         566
          13
         363
          84
          31
         230
         459
         177
         124
         309
         398
           5
         241
         604
         110
         415
          40
         104
         442
          54
         925
         188
         505
         141
         765
         275
         277
          49
         733
         939
         263
         155
         312
          40
         931
         334
         241
         921
         705
          64
         198
          48
         344
         253
         333
         341
         655
         168
         427
         118
         281
         147
         768
         213
         884
         345
         606
         976
         113
        1370
         181
         432
          88
         738
          35
         160
         318
         329
          61
          24
         680
         522
          69
         165
        1057
         186
         163
          61
         331
         282
         585
         390
         391
         433
         123
         263
         294
         299
         404
         367
         273
         679
         245
         206
         107
         476
         120
          21
         669
         180
         189
         343
         140
         461
         159
         426
         122
         106
         194
          99
         557
          35
         105
         103
         164
         245
         298
         125
         339
         385
         361
         221
          63
         466
         857
          41
         170
         124
         207
         326
           8
         204
         396
         128
          70
          84
         172
         167
         157
         825
         349
         263
          18
         213
         193
          55
          34
          55
         227
         254
         546
           4
          19
         809
         306
          92
         226
          96
          52
          63
         765
         148
         420
          78
         329
         285
          78
         420
          47
         205
         200
         102
          69
         183
         275
          61
         274
          97
         685
         314
         723
        1223
         173
         329
         214
         191
         168
         391
         250
         309
        1043
         338
         750
         548
         221
         310
         207
         289
         310
         324
         201
        1441
         164
         177
         261
         316
         166
           2
         390
         245
         166
         214
         277
          18
          85
         389
         133
         816
         863
         161
         345
          64
          36
          14
         368
         139
          66
         145
         466
          66
          35
         359
         127
         535
          15
         318
         901
         188
         243
         144
         198
         681
          31
          50
         171
         274
         202
         538
         323
         162
         230
         186
         271
         133
         305
         103
         218
          36
         366
         527
          51
        1284
         177
         802
         803
         125
         112
         253
         951
         197
         296
          93
          12
         143
         155
         210
          78
          65
         189
         269
          91
          74
         453
         111
         133
         205
         287
         150
          59
         667
         174
          53
        1010
         124
         240
          42
         266
          71
         214
         135
         312
         157
         175
         339
        1004
         187
         363
           7
         293
         337
         287
         179
         239
          77
         479
          64
         104
         112
         403
         122
         100
         541
          34
          61
         377
         378
         177
         158
         476
         673
          57
          62
          62
         777
        1066
         292
          76
         339
         485
          63
         167
          50
         224
          74
          68
         604
          89
         710
         170
          62
         523
         528
         427
         211
          82
         250
         162
         182
         217
          20
         471
          47
         201
         385
         303
         529
         182
         386
          54
         168
         460
          29
         360
         340
         918
         162
         128
         380
        1084
         323
          80
         287
           2
         527
         128
         970
          23
         207
          61
         516
          74
         137
         470
          61
         166
         271
          84
          37
          73
          72
         272
         362
         204
         874
         376
         150
         370
         470
         447
          44
          22
          98
         135
          84
          37
         540
         146
          30
         930
          53
          91
          20
         175
         158
         282
        1048
         349
         369
         537
          92
        1042
         441
         146
         462
         910
          56
         103
         470
         349
         853
        1020
          41
          32
         270
         143
         127
         183
         211
         313
         220
         169
         863
         331
          72
         313
         322
         161
          55
         386
         181
         325
         132
          62
         618
          52
         285
           5
         306
         291
         151
         133
         245
         368
         499
          54
         158
         393
          41
         126
         203
         281
         155
         226
         311
         510
          31
         116
         241
         162
         536
         292
         110
          49
         340
          84
         338
         130
         549
         755
         171
         954
        1048
         629
         721
         454
          99
         249
         163
           3
         323
         108
         286
         195
          41
          92
          74
          52
         139
         315
         211
         126
         366
          67
         203
          60
          25
         358
          94
        1447
         360
         589
        1172
         383
          40
         112
         253
         156
         191
         162
         665
         295
         246
         112
         148
         372
          16
          57
         821
         498
          57
         212
         594
         324
          36
         623
         161
         419
         210
         677
         906
         551
        1315
         466
         330
         336
         611
         115
         271
         399
         137
          68
         149
         251
          67
         181
         179
         336
        1534
          82
         467
         122
         765
         616
          72
         286
         167
          26
         201
         209
         835
          91
         338
         234
          43
          64
          36
         397
         360
         188
         572
         143
         191
          29
          37
          41
         268
         477
         491
         792
         102
          28
         318
         292
          17
         311
         378
         200
          13
         114
           3
         100
        1012
          98
         819
         130
         353
          26
         476
         249
         521
         108
         695
         269
         191
         714
         392
         449
         467
         147
         175
         128
         541
        1242
         641
         152
         510
          52
          50
         675
          33
         309
         303
         687
         118
         153
         119
          69
         145
         666
          28
         111
         161
         527
           9
         165
         383
         403
         429
         252
         564
         211
         382
         716
         415
         923
          60
          37
         794
         159
         281
         476
          65
         636
         566
          86
         347
         147
         152
          90
         209
         375
          39
         394
          54
         404
          50
         449
         103
          47
         191
         347
         465
         178
          62
         549
         156
          31
         103
         505
         479
         607
         368
         115
          35
         157
         146
         216
           4
         274
         777
         594
         589
         222
         395
         122
         297
         651
         233
         225
         189
         387
          45
         219
          21
         213
         639
         227
         249
         396
         115
         350
         174
         359
         327
         270
         277
         108
           6
         100
         111
           5
         154
         199
          86
         183
           2
         342
        1344
         162
         494
         323
         167
         591
         148
         339
          35
         187
         386
         380
         185
          54
         189
         495
         398
         103
         948
         152
         122
          40
          65
         230
         235
         315
         350
         442
         259
         108
          18
          55
          59
         445
         177
          79
         259
         131
          22
         676
         306
         667
         187
         153
         723
         314
         440
         870
          42
         375
          11
         330
          45
          22
         600
         269
          44
          42
          25
         381
         120
         102
         250
         373
         104
         691
         169
         406
          82
          22
         505
         160
         825
         464
         236
         195
          59
         241
         100
         302
         236
          64
         105
          51
          38
          12
         387
          28
         511
          81
         258
          47
          93
         337
          69
         184
         371
          51
         106
         158
         226
         351
          78
         233
         451
          46
         405
         101
         173
         300
         117
         325
          85
         307
         278
         437
          52
         102
         541
         436
          53
         509
          79
          26
         331
          87
          53
         415
          22
         379
         249
         137
          58
         215
         227
         608
         267
         379
          27
         200
         487
         154
         234
         388
          37
         390
          51
          89
          93
         129
         157
         290
         355
         351
         352
         346
         175
          55
           6
         113
         176
         622
          60
         500
         251
          22
        1454
         313
         413
         159
          96
         428
         197
           7
         344
         688
          44
          31
         325
         159
         774
         144
         202
         987
         210
         757
         272
         162
          31
         544
         365
         120
         502
         194
         161
         120
          93
         161
         110
          68
         187
          88
        1082
         277
         300
         401
         364
         213
          17
         209
         526
         347
         409
         235
         327
          28
          61
          14
         439
          65
         179
         225
         330
           2
          60
         193
          49
          82
         585
          15
         298
         295
         123
         136
         113
         218
          77
         667
         220
         465
         429
         108
         361
         134
         314
         746
         225
         392
          56
          60
         120
         184
         164
         449
          73
         257
         383
          74
         457
          38
         145
         140
          32
         146
         148
          94
         219
         496
         572
        1138
         174
         180
         139
          96
         124
         655
         102
          93
          95
         122
         336
         882
          60
         109
          91
          84
         253
          36
         129
         445
         330
         166
         543
         268
         387
         231
         291
         528
         274
         444
          55
         244
         112
         581
         303
         562
         250
         828
           3
         177
         280
         213
          27
          16
          50
         602
         162
         165
         277
         155
         320
          93
        1571
         449
         286
          14
         278
          28
         402
         285
         436
          24
          21
           1
         687
         305
         291
          29
          70
         380
          78
        1154
         468
         121
          68
           4
          62
         309
         485
         330
         343
         521
         127
         295
         711
         286
         125
         280
         170
         213
         165
         373
         647
         203
         370
         347
         564
          62
         404
         256
         131
          87
          87
         788
         469
         384
         274
         814
         175
         225
          31
          87
          24
         104
         434
           1
         706
          99
         199
         570
         368
         502
         335
          40
         221
          59
          52
         104
         380
         260
          88
         393
         267
         661
         210
          47
         693
         316
         281
         161
         496
         664
          27
         300
         742
         435
          14
         301
         204
         405
         759
         167
         719
         293
         650
         330
          37
         111
         531
          37
         388
         337
         327
         301
          35
         188
         172
         445
         375
          89
         218
         301
         338
          54
          48
         254
         118
         333
         237
         341
         148
         111
         240
         104
         286
         204
         767
          96
          68
         386
         233
         300
         211
        1025
         202
          63
         300
         238
         164
         618
         398
         136
         204
         153
         127
           4
         853
         621
          52
         227
          52
         899
         418
         272
          11
         301
         255
         906
         181
         590
         215
         195
         443
         135
         311
          49
          22
          75
          76
         339
         106
         145
        1324
         147
          80
         108
         375
         415
         424
          59
         144
          85
         620
         119
         300
         365
         555
         406
          39
          31
         269
         124
         985
           6
         208
          66
          64
          96
          91
         350
         287
         481
         188
         114
         413
           9
         268
         211
         166
          36
         646
         272
         771
         123
          81
         170
         604
         333
          51
         177
         165
        1184
          10
          59
          34
          16
         389
          53
         375
         222
         524
         574
         795
         355
         109
          94
         768
         272
         203
         602
         256
          42
         274
         100
         697
          19
         354
         224
         777
         100
         754
          61
         429
        1119
         329
          24
          69
          98
         604
         487
          48
         236
         198
         164
           6
         118
          20
         705
          50
         975
          37
         635
         368
          12
         367
         248
          92
         438
         164
         174
         289
        1306
         596
         179
          38
         190
         135
          14
         165
         193
         300
          71
         108
         135
         487
         151
         633
         133
         209
         252
         689
         197
         744
         126
         107
         386
         293
         325
         441
         179
         196
         515
         438
         177
         681
         193
         683
          41
         882
         422
          60
         336
         529
         206
         158
         101
          62
         382
         726
         381
         147
         462
        1338
          33
         617
         700
         194
         286
          96
         297
         457
         223
         338
          84
         760
         312
           7
         523
         510
           4
          23
         572
         198
         108
          69
         576
          11
         827
          30
         201
         153
         526
           7
          83
        1494
         202
         114
         216
         683
         153
           5
         377
         105
         881
         139
          19
         350
         866
          31
         322
         345
         236
          61
          64
         247
         292
         279
         711
         172
         685
         457
         368
          56
         150
         496
         225
         157
         274
         299
          31
         373
         244
         165
         787
         108
         447
         340
         177
         170
         229
         260
         307
         276
          38
         356
         116
         216
         359
         152
          51
          73
         480
         341
         610
           4
         194
         410
         123
           9
          27
          30
         347
         184
         117
         397
         741
         433
         760
         865
          22
         915
         361
         481
         283
         312
          32
         184
          72
         416
         362
         161
        1780
          40
        1437
          82
         133
         751
         159
         480
         243
          26
          14
         104
          89
        1004
         204
         255
         657
        1009
         590
         747
         150
         450
          28
          15
         178
          47
         264
         236
         159
         315
         185
          17
         182
         153
         331
        1091
         339
         403
          31
         110
          76
           8
         199
         771
         468
         157
         659
          87
          56
         458
         282
         266
          19
         145
           9
         239
           8
          78
          69
         550
         166
         241
          92
         736
         178
         294
          92
         315
         230
         160
          39
         186
         287
         195
         556
         444
         651
          10
          76
         770
         431
         164
         472
          18
         155
         198
          26
          42
          95
         156
         166
         531
         261
         390
          37
         725
         328
         175
         152
         194
         305
          32
         267
         266
         162
         180
          42
         120
          21
         679
          48
         105
          64
         106
         352
          80
          52
         652
         187
         270
         117
         395
         579
         231
         409
         414
         825
         268
         690
         163
         321
         340
         667
          62
         340
         172
         210
         155
         570
         415
         423
          25
         411
         934
         370
         343
         188
          28
         376
         132
        1189
         155
         268
          74
         317
          57
         587
         419
         259
         255
         135
         346
         180
          75
         358
          83
         426
          53
         408
         245
          66
          83
         684
         217
         131
         133
         447
          18
          14
         271
         649
         400
         144
          10
         544
         653
         109
         228
         159
          93
         926
          42
         252
         444
         125
          28
         431
         279
         349
          73
         246
         243
          54
         629
         322
         259
         311
         144
        1486
           2
         436
         192
         143
         251
         272
         211
         254
         250
          35
         680
         196
         434
         185
         425
         482
         524
         582
         311
         516
         315
         101
         430
         717
         615
          81
         177
         494
          70
         390
         292
         483
         138
         167
         270
         614
         694
         668
          91
         445
          82
         506
          74
         503
         181
         119
          82
          37
         255
         188
         367
         104
         178
          18
           2
         298
         638
         483
         413
         318
          57
         691
          61
         319
          21
         388
          35
         444
          99
         651
         153
           8
         210
         433
         273
         353
          85
         242
         192
         197
         714
         236
         318
         499
         142
         147
          41
         240
          24
         142
          50
         265
         496
          92
         146
          38
           8
         238
         430
         328
         166
         807
          60
         418
         231
         643
         438
          83
          86
         201
         276
         136
         104
         172
         418
         213
          51
         204
         384
          61
         186
         158
         768
          31
         339
         308
         189
         114
         435
         378
         538
         483
         341
         248
         122
         288
         108
         338
          47
           9
        1106
         116
         581
          53
         194
         515
         465
         214
          20
         486
          10
         578
         414
         159
         344
         134
         269
         195
         121
          18
          85
         352
         153
         235
        1276
         529
         109
          56
         224
           1
         151
         663
          38
          99
         194
         112
         105
         426
         308
         485
          70
         201
          11
         148
         119
         446
         766
         283
         346
         148
          91
         649
         417
         467
         348
         189
         325
         201
         339
         443
         270
          92
          53
         228
         225
         351
          61
         397
         148
          77
          95
          48
         114
         301
         284
         331
         531
         314
         371
         418
          17
         110
         317
         194
         178
         107
         232
          58
          80
          45
          29
         177
         594
          91
         119
          64
         220
         484
         324
         452
         176
         163
         514
          70
         190
          72
          69
          70
          13
         138
         826
          93
         277
         197
          82
         536
         108
        1093
         348
         304
         138
           7
         149
         717
          55
         258
         400
          31
         131
         159
         129
         136
         140
         599
           8
         471
         287
         248
          63
          50
          88
         446
          18
         319
          31
         285
          45
         355
          43
         738
          95
         115
         110
         309
          52
         506
          16
         235
         298
         200
         623
          84
         347
         615
         107
          85
         101
         902
         182
         788
         266
          77
         225
         136
         229
         787
         124
          95
          32
         161
         720
         183
         431
         246
         441
          20
         730
         272
         206
         180
          61
         282
         127
         228
          31
         116
         202
         300
          52
         226
           2
         281
          21
         288
         152
         836
         909
         557
         125
         117
          86
         145
         954
         923
         531
           8
         527
         418
         570
         178
          57
         622
          43
          60
         102
         178
         427
         182
         122
          58
         215
          78
         418
         271
         266
          21
          74
         218
         424
          59
         179
          56
         437
         100
          92
         467
          98
         330
         211
          88
          45
         184
          31
         363
         245
         613
         213
         302
          81
         226
         157
         434
         257
         112
         239
         194
         815
         152
         353
         246
         418
         251
         565
          70
         477
          48
         117
          13
          12
         295
         938
         146
         144
         351
         272
         749
          52
         525
         265
        1086
         769
          46
         108
          91
         277
         310
         649
         418
         123
         603
         288
          68
         336
         615
         835
         933
         213
         574
         215
         143
         426
         622
         527
          88
         540
         164
         232
         737
         143
         119
        1219
         129
          55
          34
         421
         115
         842
          85
         542
         161
          29
          87
        1169
          60
          63
         424
          51
          44
         339
         759
         578
          97
         360
         514
          95
         375
          35
         258
         942
         218
         200
         158
         348
         105
         245
         608
          82
          85
          74
           9
          36
         173
         213
         326
         178
         312
         205
         119
         387
         101
         242
         540
         263
          26
         364
          36
          66
         154
         265
          19
          78
         455
         520
         785
         239
         594
         809
         286
         249
         239
         202
          55
         240
         592
         151
         518
          87
         355
         283
          79
         872
          99
         198
          89
         170
         243
         132
         133
          78
         335
          33
         447
         142
         208
         721
         312
         127
         237
           2
         337
         307
          46
          34
         507
          75
         171
          42
         850
         171
         241
         499
         411
         209
          81
         277
         207
         211
         103
         179
         696
         346
          84
         402
         479
         286
         223
          99
         629
         241
         435
         303
          51
         585
         200
         101
           8
         211
         277
         672
          30
         251
          70
         533
          28
         117
          81
         229
         122
         224
         166
         264
         155
          79
         245
         169
         674
          27
         104
         147
         235
           7
          80
         131
         329
          94
         236
         235
         324
         125
          37
         181
          17
         463
         661
         131
         412
          26
         355
         154
         892
         614
         256
         437
          58
         595
         120
         285
         412
          84
         117
         253
         147
         161
         386
         252
          60
         701
         140
          52
         248
         122
         581
         885
         156
         260
         190
         254
         499
          75
         601
         418
         806
         185
          78
         192
         878
          42
         163
         136
         379
         572
         335
         105
         438
         279
         304
         191
         115
         206
          25
        1106
         809
         450
          22
         362
         245
         220
         140
         157
         111
         140
          56
         100
          93
          34
         113
          58
         207
         257
         184
         238
         251
         343
          44
         112
          46
         200
          68
         381
         134
          85
         520
         366
          48
         290
         191
         514
         217
         445
         126
          40
         115
         103
         478
         188
         352
         484
         550
         496
         115
         241
         122
         110
         391
         228
         351
         297
          98
          77
         479
         125
         530
          43
         153
         309
          22
         637
          74
         353
          73
          63
         554
         342
         157
         117
         101
         205
         172
          84
         120
         277
          14
         195
         272
         107
         397
         317
         149
         618
          19
         307
         569
          89
           4
          38
         235
         238
          35
         634
         328
         767
         310
          95
         167
         331
          25
         221
         213
          71
         354
         490
          41
         191
         273
         209
         492
         634
         449
         982
         155
         127
          77
         154
          12
         307
         145
         317
          81
          67
          32
         239
         165
         276
         120
         154
         739
         115
         352
          98
          22
          31
         478
          27
         314
         297
          77
         557
         247
          69
         954
         286
         580
         120
         249
         932
         479
         203
         270
         348
           9
         945
         151
         506
         418
         150
         172
        1071
          29
          90
         131
         241
          98
         171
         136
         229
         196
          66
         181
         403
         479
          24
         402
         233
         393
         108
         393
         270
         281
          88
         162
         163
         648
         105
          45
         185
         260
          83
         241
         636
         308
         323
         248
          85
         699
           5
         512
         475
          88
         444
         171
         250
         151
         856
         155
         159
          65
         168
         498
          58
          62
         415
         119
         291
          70
         298
         169
         369
         366
         102
          78
         419
         281
         331
          95
         229
         253
         137
          76
         141
         396
         441
         545
         293
         179
          29
         339
         302
         381
         300
          91
          81
          43
         211
         214
          76
         515
         263
          97
          99
         246
         362
         509
         132
         135
         157
         616
         100
         266
         122
         343
         159
         256
         283
         140
          82
         105
          98
         190
         103
         381
         125
        1198
         402
         295
         748
         459
         187
         330
         258
         255
         113
         595
         490
         194
         439
         261
        1150
         626
         381
          39
          23
         408
         361
         239
         102
          92
         325
          36
         115
         566
         147
         303
           5
          50
          39
         246
         180
         168
          79
          36
         388
         127
        1089
          53
         427
         266
          57
          71
          89
         569
          69
         227
         157
         359
         114
         242
         475
         423
          82
         135
         236
         218
         159
         102
         219
          16
          36
         123
          39
         263
          96
           2
         123
         962
         235
         125
         131
          37
         295
         175
         461
         268
         231
         737
         681
          15
         942
         331
         348
         380
         671
         224
         188
         169
         221
         129
         172
         348
         129
          52
         175
         451
         755
         342
         129
         385
         707
         437
         245
         637
         860
         494
          84
         270
         288
         289
         245
         264
          52
        1030
         540
         319
         192
         694
         723
         233
         338
         218
         238
          39
         332
         187
          78
         270
         257
         215
         176
         300
         522
         162
         166
         148
          92
         580
         354
        1014
         204
         790
         365
         388
         211
          72
          28
         173
         231
         285
         390
         643
          57
         263
        1008
          88
         364
         336
         346
         571
         879
         181
         254
         158
         112
         481
         288
         170
         245
          84
         553
         548
         297
         186
         593
          97
         461
         446
         308
         137
        1095
         754
          16
          70
         293
        1019
         204
         187
         561
         252
         597
         487
         116
         285
         144
         596
         400
         325
         168
          33
         720
           4
         312
         295
         925
          82
          62
         156
         358
         270
          57
         763
         113
         275
         329
           1
         317
         254
         177
         168
         100
         235
         316
         389
         241
          17
          31
         819
         648
         255
         102
          64
         103
         561
          70
          24
          71
         108
         160
         319
         217
         427
         569
          92
          72
         884
          81
         685
          22
         651
         322
          28
         213
        1647
         810
         788
          54
         728
         292
         143
         592
         115
         434
         371
         255
          71
         232
         267
         916
         394
         284
        1155
           2
         971
          47
         627
         514
         481
          53
         246
         216
         758
         352
         205
         406
         166
         401
         208
          89
         451
         369
         143
         786
         179
         226
         521
         623
          54
        1087
         267
          78
         176
           1
         248
          91
         132
          28
         196
         139
          86
         317
         786
         226
        1110
         197
         127
         117
         515
         144
         220
         114
         395
          34
         222
          70
          61
         303
          53
         374
         245
          82
         349
         850
         130
         192
         245
         466
         277
          37
         337
          16
          35
         284
         171
         376
         263
         116
         222
         357
         599
         190
          33
         151
         216
         383
         330
         145
         535
         250
        1115
         353
          36
         116
          47
          59
          57
         162
         570
         176
         300
          42
          81
         194
         322
         140
         190
         158
         309
         105
         658
         110
         210
          97
         115
         685
         285
         406
         262
          98
         318
         319
         781
        1047
         208
         407
         261
         317
          34
         208
         655
           6
          27
         540
         288
         233
         100
         245
         563
         286
         168
         385
          61
         645
         815
         342
         669
         157
          50
         446
         121
         265
           1
          16
         200
          14
         687
          14
         543
        1000
         174
           9
         605
          45
         176
          25
         786
         471
         400
         224
           8
         239
          30
          59
          72
          55
          69
         212
          90
         102
          17
         949
         278
         114
          71
         201
          91
          58
           9
         262
        1351
         360
         756
         477
         354
         121
         486
         194
         406
         400
         244
         215
         216
         458
         210
          35
         140
         248
         209
         289
         116
         221
          23
         409
          79
          89
         153
         146
         359
         358
         960
          50
         481
         280
         367
          74
         473
         699
         234
         939
         163
         122
         142
          70
           1
         127
         419
         598
          56
         678
         101
         296
          94
         745
         676
         434
         520
         294
         174
         183
         230
         319
          60
         562
          40
         215
         447
         229
         129
         189
         381
         665
          50
        1344
         257
          18
         469
          47
         147
         425
         503
          78
          91
         556
         169
         764
         129
         329
         134
         177
         191
         138
         140
         444
         539
         992
         172
         400
          18
         174
         460
         340
         118
         179
         141
         338
         144
         660
          22
         231
         191
          33
         604
         292
         385
         108
         222
         285
         853
         391
         206
         314
         232
         199
         711
         381
           5
         331
         205
         178
          61
         369
         458
         275
         301
         329
         118
          92
         357
         297
         475
         261
         310
         222
         600
         304
         280
         205
         123
         225
         681
         158
          41
         374
          16
         161
         120
         439
         278
         170
          42
         605
          87
          16
         908
         224
         147
          29
         164
         169
          91
         761
          18
         244
          13
         479
         178
          29
         292
         103
        1429
         224
         155
         685
         323
         494
         459
          22
         285
         133
          71
         461
         172
         533
         511
         273
         251
         307
         307
          13
          70
         112
         498
         384
         197
          33
         325
         448
         495
         276
          70
         119
         456
         232
         770
           6
         514
         241
         203
         107
          68
         192
          44
         150
         112
          82
          35
         112
         482
         268
         488
         420
         178
          60
         283
         193
         380
          60
          76
          68
          40
          25
          23
         188
         246
         342
         898
         300
         458
         225
         127
         410
           9
          36
          34
         130
         290
         233
         345
          98
         265
         285
         527
         482
          14
         200
          46
         263
          70
         236
         799
         345
        1069
         326
         175
         279
         321
         130
         601
         261
         373
          75
         483
          42
         183
          22
         885
         105
         230
         195
          25
         206
          69
         194
         369
         539
         691
         567
        1886
         404
          36
         601
         787
         119
          73
         400
          85
          98
         334
         244
         839
          10
          60
         310
           1
         771
         194
         455
         179
         526
         383
          94
         397
         190
         474
         104
         299
         262
         354
         113
         246
          48
         203
         503
         355
         346
         279
          42
         188
         133
         433
         205
          87
         131
         547
         721
          39
          77
         133
         484
          14
         189
           9
         766
         125
          88
         722
          76
         193
          26
          51
         254
         278
         371
         284
         235
          80
          90
          25
         311
         317
         277
         396
          33
         730
         319
         108
          37
          61
         132
          37
          39
          65
         248
         324
         299
           6
          10
          18
         186
         116
         142
         323
         513
         130
         148
         522
         196
         182
        1067
          52
          25
          21
         124
         124
          31
         964
         280
         150
          43
         443
         209
         186
         778
         110
         187
        1103
         150
          47
         478
         470
         164
         516
          51
          59
         122
         121
         183
          87
         187
          48
         127
         194
          97
          95
         849
         824
         366
         237
          89
          90
          69
          18
          82
         256
         401
          71
          18
         209
          85
         649
         317
         113
         265
         233
         237
         168
         207
         707
          74
         652
         296
          90
         490
         192
         392
         576
          86
          84
         224
         342
         113
         327
          23
          59
         155
         396
          87
         261
         349
         182
         105
         185
         143
         417
         101
          92
         257
         357
         563
         320
         164
         170
         475
         120
         113
         131
         163
         151
         356
         483
          40
         814
          61
         122
         351
         466
         109
         135
         273
         616
          58
          82
         162
          34
          80
         197
         702
         211
         148
          94
         348
         212
         357
        1064
         213
         267
         646
         253
          67
          54
         245
         854
         413
          13
         327
         517
           9
         229
          17
         289
         111
         102
          44
          91
         140
         128
         652
          96
          78
         160
          55
         148
         805
         102
         178
         268
         407
          57
          21
         172
          21
         354
         263
         208
          90
         211
         150
         174
         379
          74
         513
         269
         596
         152
         362
         270
         343
          22
         174
         601
         497
         323
         315
         130
         199
         140
         170
         106
         651
          58
         104
          72
          71
         577
          11
         279
         622
         456
         206
         234
          83
         143
          91
          86
          52
         134
          84
         229
         218
         216
          98
         113
          86
         611
          33
         330
         159
         310
          26
         221
          27
         144
         652
         455
          45
         324
         361
        1309
         173
         275
          41
          30
          81
         230
         184
         658
         433
          11
         173
        1355
         260
         713
         186
         579
          83
          14
         135
         110
         213
         105
         168
         140
         859
          50
         620
         131
          25
         204
         326
         267
          77
         266
         225
         265
         487
         274
         197
         725
          64
         534
         365
         419
          94
         153
         168
         119
           1
         144
         273
         607
         465
          88
         882
         215
         390
          79
         241
         102
          20
         177
        1051
          98
         112
          90
         527
         324
         109
         233
          17
         627
          70
          21
         168
         219
         416
         158
          78
          97
          77
         626
         957
         158
         363
         331
          91
         567
          79
         125
        1382
         218
         104
         353
           3
         369
         525
          58
         753
         317
         326
        1363
         447
         895
         219
         263
         154
         821
          96
          63
         159
         134
         303
         638
           8
          14
         271
         307
          92
         247
         255
         403
         360
         333
           5
          71
         367
         253
          83
          82
         220
          51
         516
         359
          46
         275
         424
          45
         528
         281
         131
          28
         108
         196
         159
          96
         244
         755
         515
         292
          56
         627
         455
         109
        1639
          54
         162
         641
         112
          23
         218
          18
         189
          48
         149
         215
         386
         524
          63
         276
         293
          37
         252
         415
        1526
         135
         205
         166
         193
          74
          46
         571
         123
         468
          41
         123
         271
         199
          85
         151
         382
         496
         212
          60
         424
         404
          26
          80
          57
          81
         511
         271
         724
         345
        1020
          32
          35
         339
         247
         167
         633
         275
          59
         363
         255
         399
         456
         908
          16
          32
          76
          64
          76
         137
          33
         518
          52
          26
         140
          35
          57
          24
        1574
         307
         472
          66
         728
         361
         570
         430
          22
         177
         139
         260
         172
         327
          71
         439
          22
         324
         596
         233
         613
         184
         124
         181
         215
         687
         302
         500
         109
         143
         258
          86
         260
         245
         345
          96
         696
         505
         122
         183
         335
          88
         224
         155
         143
         246
         527
           9
          33
         415
         450
         273
         197
         640
         625
         219
         538
         707
         190
         287
         203
         247
          79
         159
         312
         170
         401
          59
         164
         116
         163
         372
         263
         470
         178
         333
          18
         123
         187
         896
        1287
         565
         699
         101
          56
         548
         133
         349
         296
         173
         191
         289
         255
         372
         994
          16
         202
         273
         123
         427
         110
         295
         358
          34
         275
         133
          55
          99
         209
         160
         133
          25
         497
         331
         780
         353
         127
         195
         784
          96
         149
         522
         156
         714
         167
         550
         116
         117
          34
          97
          94
          84
         239
         460
          86
         265
          42
         301
         412
         779
         612
         114
         116
         228
         218
         776
         191
          35
         239
         857
         281
         492
          32
          11
         513
         529
         487
          98
         286
        1446
         920
          78
         150
          14
         598
         242
         241
         189
          39
          63
         354
         661
         478
         127
          93
         130
         267
         329
         385
         164
         209
         720
         243
         315
         274
         289
         273
         153
         745
         137
         264
         565
         162
         317
         470
         528
         321
          10
         216
          17
         121
         782
          51
          96
