        5005
         566
         722
           1
          59
         300
          15
         145
         762
          25
          47
         396
          15
          82
         157
          16
          35
         166
         164
          36
         516
         163
         389
         121
         113
         487
          91
           5
         542
         152
         271
          74
         426
          89
         124
         275
         124
         761
         691
          92
         295
         242
         153
         156
         341
          42
         373
         209
          22
         574
         115
         856
           5
          87
          53
          86
         600
         431
         143
         472
          99
         512
         136
         315
         219
         175
         270
         627
         325
          75
          73
         158
          49
         629
         109
         350
         142
         268
         244
          12
         279
         133
          61
         169
         305
         995
          63
          90
         372
         491
         446
          48
         124
         467
         156
         486
         211
         949
         349
         336
         181
         716
          70
         124
          96
         426
         490
         331
         218
          29
         123
         154
         108
         462
         247
         291
         216
         620
          46
         484
         803
         308
        1238
          93
         522
         828
         229
         445
         161
          90
         204
         136
          71
          52
        1128
         671
          14
         250
         122
          25
         268
         438
         480
        1017
         103
         321
         396
         273
          40
         224
           8
         121
         145
         100
         373
          57
         685
         233
         280
         381
         528
         177
         196
         424
          67
         209
           5
          51
         137
         109
         212
         151
         204
         523
         310
          14
         189
          28
         104
         379
         226
          82
          55
         179
         156
         299
         321
          88
         172
         196
         186
         230
         303
         722
          71
         148
          41
         283
         300
         238
         198
         294
         283
          68
         364
          16
         311
         214
          98
          98
          26
         145
          53
         612
         265
         389
         673
          34
         100
          49
         368
         185
         174
           7
         340
         390
         194
          88
         328
         294
           1
          44
        1464
         116
         315
         185
         407
          30
        1040
         145
          76
         392
          52
         418
         200
         409
         287
         390
         160
          87
         160
         222
         492
         127
         352
         365
         204
          28
         298
         475
         143
         142
         274
         561
          47
         300
          26
         127
         371
         267
          92
         558
         239
         341
          52
         277
         273
         519
         446
         376
         269
         382
          33
         903
          58
         207
         251
         410
         560
         300
         229
          91
         359
           9
         241
         472
          39
         305
         433
         151
         180
         325
         486
         143
         458
         769
         373
         164
         297
         525
         109
         280
         236
         173
         288
          49
         149
         103
          73
         716
         192
         248
         532
          84
         235
          49
         393
         248
         105
         189
         369
         447
         236
          49
         428
          95
         170
         255
          70
         348
         187
         163
         232
          62
         118
         253
         404
         338
         125
         344
         276
          90
         481
         246
          98
         753
         371
         260
         413
         118
         114
         656
          14
         269
         159
         257
         136
         301
          51
         584
          56
          33
         275
         386
         376
          33
          80
         126
         262
         114
         158
         543
         433
         356
         295
         116
           8
         112
          23
         275
         185
          76
         431
         257
         317
         149
         364
         337
         143
         177
         452
         183
         243
         155
         856
         139
          67
         249
         440
          62
          40
         235
          49
          95
         189
         189
          43
         377
         285
         156
         746
         305
         264
         623
          61
         321
         525
         269
          37
         343
         250
         293
         159
         171
         658
         319
          85
          94
         301
         623
         325
         228
          41
          24
           5
         592
         339
          48
         583
         177
         265
         809
         348
         159
         211
         149
          88
         217
         725
         111
         319
          96
         206
          90
          59
         887
         189
         128
         227
          15
         207
         305
         571
          62
         108
         236
         445
         283
         441
         564
         608
         408
          59
         157
         337
         128
         556
          28
         387
         799
          94
         203
         447
         430
         350
         317
         272
          59
         268
         278
         213
          87
         358
          84
         418
         299
          36
          93
         522
         165
         101
         469
          81
         118
         203
         289
          83
         144
         109
         748
         131
          77
         154
         326
         261
         909
         135
         478
         546
         412
          49
         276
         243
          65
         162
         310
         459
         305
         581
         205
          50
          33
         347
         555
         155
          96
          46
         325
         211
          82
         148
         397
         357
         564
         210
          65
         223
         462
         502
         107
         455
         102
         257
         361
         204
         195
         781
          91
         548
         181
         396
         124
           1
         175
         409
         185
         736
          88
         484
         557
         190
         371
         343
          96
         180
         521
         230
         240
         299
         304
          71
         421
         429
         210
          47
         352
         295
         207
         253
         848
         492
         376
         344
         243
         425
          66
          48
         108
         223
         520
         245
         295
         107
         213
         395
         590
         259
         191
         375
         317
         453
         171
         670
         304
         120
         803
          69
         284
          92
          66
         206
         410
         286
         242
         325
         237
         354
           4
         522
         361
         292
         161
         457
         592
         104
          19
         308
         311
          82
         276
         609
         335
         265
         258
        1141
         499
         610
          70
         756
         131
         433
         233
         137
         236
         431
         200
         256
        1207
          78
         355
         169
          54
         440
         415
          97
         309
         151
         570
         154
         313
         335
         657
         953
          52
         337
           5
         491
         292
         209
         384
         297
         302
          26
         358
         307
         817
         429
         230
          88
         513
         261
          93
         359
         271
          63
         140
         145
          33
          66
         105
         159
         111
         380
          84
         187
           9
         182
          79
         114
         114
         254
         426
         331
          88
         284
         263
          49
         433
         738
         642
         618
         264
         466
          10
          73
         227
         109
          19
         177
         235
          84
         243
         447
         205
         407
         370
          27
         759
          83
         188
          34
        1097
         846
         428
          85
         106
        1166
         108
         482
         333
         203
         211
          81
         132
         145
         232
         254
         637
         226
         452
          91
         573
          80
         760
         217
         150
         590
          44
         450
         797
         157
         507
         202
         507
         526
         911
          96
         327
         191
         574
         239
          87
         170
         356
         337
         293
          74
         145
         131
         239
         315
         239
         703
         263
         487
         140
          63
          84
         170
          58
         358
         519
         235
         168
         150
         269
          52
         181
         355
          17
         637
         243
         247
          34
         140
         272
         415
         662
         503
          41
         242
         277
         138
         654
         502
         119
         166
         513
         502
         297
          96
         176
         337
         113
         197
         165
         160
          34
         206
          67
         494
         861
         456
        1127
         124
         188
          64
         131
         422
         341
         573
         259
         191
         164
         195
         513
         132
         466
         101
         113
         383
          81
         317
         337
         121
         433
         101
         323
          22
          57
         312
         253
         253
          18
         661
         327
         445
         373
         402
         196
         709
         280
         137
         129
          90
         363
          15
         299
         205
         114
         736
         104
         410
         215
          57
         266
          10
         616
         163
         170
         553
         190
          48
         313
         721
         796
          81
         248
          76
         256
         294
          38
          33
         106
          55
         225
         969
         215
         223
         565
         122
         343
          94
         440
         310
         670
         660
         281
         639
         183
          69
          85
         288
         102
          60
         875
         390
         233
         168
         366
          85
          29
         122
         282
         714
         321
         372
         143
         445
         190
         129
         347
         255
         171
          64
         422
         331
         937
          61
          11
         321
         303
         282
          55
         106
         251
         220
         177
         135
          66
          31
          63
         119
         258
         184
         278
         427
         257
         717
         261
         288
         221
         245
         298
         366
         271
         256
         257
         147
         256
         839
         269
         302
         291
         114
         261
          58
         261
          75
         330
          41
         122
         121
         344
         195
         414
         211
          35
         500
         310
         392
         180
         687
         371
          76
         150
         257
          58
         126
         374
         291
         279
          85
         220
          89
         308
         254
         253
         231
         748
         335
         289
         113
         159
         341
         148
         283
          52
         496
         182
          70
          62
         295
         238
         287
         279
         131
         324
        1033
         335
         151
         369
          87
          87
         285
          49
          96
         163
         152
         600
         209
          93
         179
          19
         283
         140
         166
         149
         294
         958
           8
          39
          76
         433
         211
         406
         159
          45
         608
         106
         592
         116
          42
         477
         256
         242
         268
         231
         153
         127
          25
        1178
          26
          80
         244
         249
         189
         494
          46
         215
         180
         114
         234
         404
         185
         244
         404
         307
         333
         205
         328
         293
          64
         391
          36
         131
         979
         319
         388
           7
          90
         330
         595
         387
         388
         319
         240
         196
         446
         703
          50
          59
         628
         211
          72
         277
         501
         276
         181
         221
         272
         159
          84
          86
         354
         161
         485
         668
         204
          63
         306
         130
         408
         407
          68
         405
         861
          82
        1225
         257
         313
         154
          81
         277
          10
         285
         225
         402
         499
          94
          48
         489
         378
         283
         219
         327
         313
         109
         311
         169
         163
         301
          30
         255
         268
         136
         188
         271
         310
        1031
         495
         820
          65
         188
          38
         430
         146
          80
         719
         348
         140
         275
         168
         183
         419
         106
         215
         253
         427
         463
         205
          83
         169
         238
         292
          14
         193
         571
         298
         371
         234
        1517
         292
         548
          64
         358
         234
          44
         316
         662
         118
          85
         349
          72
         174
         564
         148
          32
         133
         252
         199
         504
         192
         261
         367
          77
          63
         557
         212
         390
         176
         337
         280
         211
         333
         363
         343
         231
         318
         356
         599
         221
         459
          46
         396
          34
         678
          29
          44
         164
         155
          94
          17
         587
         315
         505
         447
          31
         227
          82
         306
         103
         564
          98
          47
          74
         218
         479
         374
         916
         242
         223
         203
         636
         290
         124
         343
         222
         466
          22
          30
         205
           4
         120
          62
          91
          86
         111
          57
          58
         307
          81
         259
         299
         619
         336
         265
         255
         932
        1167
         679
         116
         104
         261
         374
         299
        1157
         220
         256
           9
         223
         125
          68
         221
         139
          75
          80
          25
          99
         715
         272
          96
         154
         364
          52
         333
         597
         365
         432
          78
         301
         216
         408
         235
         220
         288
          53
         162
         196
         369
         111
         227
         303
         931
         480
         555
         479
          58
         265
         424
         290
         442
         154
         209
          70
          83
         295
          97
         115
         185
         299
         538
         361
         436
         199
         475
         367
          96
         605
         209
         240
         124
        1232
         555
          69
         120
         453
          64
         105
         341
          29
         787
         259
          21
         398
          48
          97
         164
         398
         257
         410
         100
         229
         907
         346
          25
         583
         171
         362
         316
         135
         145
         260
         312
          73
          23
         368
         364
         236
         218
         123
          79
         218
         439
         272
          50
         143
         326
         141
         267
         872
         488
         110
          62
          70
         192
          90
         197
         179
         444
         364
          22
         397
         456
         626
         343
         255
         873
         476
          23
         197
          71
         233
          47
         455
          65
          98
         102
         307
         336
         840
         390
         555
         144
          73
         283
         393
         413
         437
         697
          18
         568
         291
         170
         420
         118
         136
         468
         386
          29
         254
         118
         166
         204
         604
         282
          57
         732
         774
         353
         411
          10
         353
          79
         109
         606
          43
          54
         156
          73
          40
         191
         297
         323
         668
          73
         285
         737
         268
         172
         181
         155
          48
         645
          85
         438
         315
         924
         243
         141
          85
         198
          73
         249
         471
         517
         246
         260
         144
         285
         123
         493
         304
         194
          90
          66
         233
         143
          51
         285
         223
         432
         202
          39
         217
         215
         609
         239
         605
          56
         320
         576
          79
         479
         112
         506
          75
         705
         210
         564
         567
         119
         487
         214
         208
         660
         588
         297
         316
         208
         299
          61
          20
         265
         383
         129
         192
         451
         514
         325
         331
         621
          37
         355
         221
         161
         283
         485
         279
         562
         728
          97
          81
         349
         201
         452
          85
         134
         275
         193
         832
         163
          95
          58
         222
          80
         515
         224
         189
         280
         391
         383
          82
         599
         266
         893
         353
         166
          84
         798
          53
         490
         280
         547
         244
         247
         538
         303
         336
         276
         277
         339
          60
         153
          89
         295
         240
         194
         162
         262
         545
         206
         345
         283
         169
          62
         385
         528
         196
          87
         372
         185
         146
         460
         750
         277
          64
         273
        1344
          61
         109
         418
         264
         530
         235
          91
         129
         521
          80
         264
         146
         326
         127
         204
         491
         313
         183
          48
          80
         285
         662
         330
         102
         274
         392
         232
         345
         342
         348
         135
         864
         507
         754
          30
         521
         298
         461
         297
         441
         405
         208
         350
         434
         287
         226
         118
          30
         366
         361
          60
         150
          72
          58
         282
         175
          84
        1577
        1442
         108
         220
         149
         576
          13
         395
         753
         337
         324
         587
         339
         267
         622
         626
         237
          44
         223
         214
          74
         425
         185
         803
         812
         292
          63
          41
         207
          26
         195
         136
          43
          43
         170
         382
         233
         757
         739
         566
         216
         316
         351
         468
         103
        1324
         161
         129
         439
         116
         424
         220
         125
         180
         238
         176
         263
         214
         482
         221
         249
         315
          48
         148
         303
         148
         263
         101
         193
         605
         184
         135
         315
         218
          26
         113
          86
         569
         367
         305
         350
         148
         293
         709
         934
         341
         395
         208
         281
         241
         245
         189
          44
         165
        1880
         393
         176
         332
         143
         250
         243
         317
         857
         212
         171
         386
         382
         396
         336
         126
         416
          80
         314
         513
         558
         314
         357
          22
         279
          43
         379
         456
         359
         218
         359
         370
         218
         163
         160
          94
         370
         141
         159
         142
         629
         332
          31
         134
         610
         498
          50
         279
         285
         190
         157
         188
         335
         280
         471
          66
         353
          67
          41
         195
         678
         345
          56
          37
         252
         123
         181
         221
         402
         455
         490
          55
         233
          69
         151
         305
          99
         269
         255
         148
          27
         256
         422
         738
         130
          78
         123
         444
         127
          23
         441
         196
         533
         228
         113
         227
         129
         811
         550
          98
          28
         257
         192
          89
         278
         154
         337
         453
          74
         516
         260
         278
         309
          47
         294
         201
          68
         129
         189
         435
         271
         149
         110
         310
         606
         247
         347
         385
         267
          12
         664
         214
          42
         338
         218
         309
         401
         128
         152
         354
         291
          42
         180
         451
         173
         227
          20
         256
         311
         216
         172
           4
          53
          20
         259
         198
          89
         497
         410
         214
         680
         202
         295
         256
         372
         202
         599
         393
          77
         189
         255
         433
         168
         483
          25
         375
          90
         355
          41
         339
         451
          48
         860
         481
         311
           7
         119
         102
         198
         360
         937
         148
         527
        1459
         257
         213
         501
         311
         269
         258
         168
         181
         280
         430
         645
         347
         304
         406
         254
         209
          34
         297
         785
         265
         423
         407
         438
         371
         621
          48
         135
         282
         437
         287
         119
         285
         285
         877
         314
         468
          94
         219
         100
         247
          71
         239
          56
          96
         401
         343
         153
          75
         327
         117
          22
         133
         266
         174
         124
         175
         509
         799
         683
          87
         254
         314
         428
         490
         792
         293
         625
          53
         307
         133
         330
         743
         381
         610
         253
         135
         290
         343
         277
         391
         204
         634
         290
         327
         215
         123
         284
         124
          45
         269
         177
         537
         172
         217
         122
         326
         480
          81
         168
         168
         416
          98
         142
         187
         156
         318
         178
         229
         154
          25
         199
          78
          29
         534
         103
         392
         353
         409
         398
         349
         328
         227
         144
          16
          34
         227
         720
         210
         332
         389
          34
         447
         382
         508
         342
          34
         630
          95
         519
         148
         180
         254
         333
         466
         134
         195
         291
          26
          33
         606
         529
          63
         213
         434
         249
         245
         172
          34
         348
         372
         202
         254
         152
          69
         109
         191
         162
         358
         252
         211
         101
          70
         122
         227
         507
         209
         524
          50
         229
         637
         401
         246
         122
         146
         222
         267
         247
         342
          55
         186
        1675
         621
          47
         453
          15
         293
         252
        1222
         345
         124
         266
         763
         251
         377
          49
         124
         327
         444
         145
         273
         176
         287
         214
         177
         158
         221
         776
          80
         129
         111
          65
         653
          28
         397
         220
         425
         397
         107
         161
         273
         157
          92
         248
         416
         534
         117
          23
         368
          64
          75
         404
         292
         171
         319
          48
         198
         421
         525
         510
          25
         164
         274
         215
          23
         286
         648
         216
         333
         456
         415
         328
         282
         290
         235
         462
          82
          65
         243
         301
         257
         656
          69
         345
          98
          87
         220
         291
         231
         243
          15
         440
         199
          31
         215
         221
         271
          79
         402
         499
         255
         243
         281
         822
         167
         528
         646
          35
         472
          11
         314
         357
          27
         162
         106
         785
         123
          37
         198
         186
         219
         578
         135
          33
         158
         169
         182
          39
         161
         561
         325
          23
         100
         231
         534
         459
         419
         298
         332
         188
         754
         297
         325
         710
         159
         419
         491
         663
          89
         167
         361
         120
         243
          49
         198
         121
         284
         133
         203
         695
         491
         260
         390
         721
         760
          37
         301
         174
          30
         133
         940
         415
         162
         245
          56
         206
         100
         122
         129
         506
          13
         641
         176
          70
         151
         157
         124
         275
         325
         251
         207
         274
         502
         404
         478
         532
         156
         277
         346
          62
         563
         312
         137
         304
           3
         451
         680
         165
         318
         161
         135
         647
         160
         114
         173
         834
         524
         407
         247
         261
         503
         149
          73
         165
         123
         537
          60
         325
         177
         254
         146
         136
          94
           7
         402
         285
         251
         389
          93
         324
         206
         121
         232
         283
          60
         173
         455
         543
         695
          71
         244
         188
         189
         284
         411
          83
         163
         288
         235
         514
         285
          67
         344
         113
         150
         668
         273
         194
         195
         547
         211
          88
         697
          30
         293
         165
         233
         372
         339
         282
         102
         165
         697
         215
         284
          23
          59
         414
         413
         114
         192
         499
         270
          87
         189
         459
          11
         102
         522
         380
         104
         272
          39
         174
         137
          16
         131
         221
         222
         193
         108
          26
          10
         463
         666
         264
         157
         128
         192
         248
         813
         246
         855
          59
          70
          96
         129
         137
         391
         372
         313
          62
         832
         533
         177
         551
         174
         322
          90
         994
         153
         509
         305
         149
          46
         139
         699
         245
         158
         345
         102
         392
         326
         319
         108
         601
         389
         225
         246
         227
         341
         175
         245
         214
         250
        1098
         158
         201
         322
         591
          61
         333
         298
         307
         674
         318
         119
         799
          72
          49
         430
         195
         225
         138
         281
         416
          17
         110
         855
         152
         227
         146
          24
         293
         116
         140
         324
         514
         387
         713
         254
         676
         571
          52
         302
         628
         312
         204
         153
         147
         205
         240
         249
         412
          23
         184
         718
         219
        1075
         558
         405
          52
         136
          71
          60
         516
         326
         259
         433
         280
         310
         121
         138
         412
         202
         107
         762
         140
         650
         196
         215
         251
         242
         318
         232
         189
         247
         614
          43
          47
         142
         375
         629
         170
          37
         560
         387
          21
          99
         100
         248
         302
          78
         195
          19
         284
         208
         874
         332
          46
          77
         380
         480
          38
         443
         402
         592
         380
         573
          29
         239
         265
          29
         153
         138
          13
         271
         420
         196
         253
        1241
         212
         162
          46
        1229
         816
         160
         166
         319
         817
          32
         176
         327
         236
          97
         295
          26
          82
         119
         137
         254
         723
         253
         546
         601
         287
         335
         617
         621
         754
         591
         404
         352
         583
         124
         227
         581
         136
         498
         339
         383
         120
          29
         125
         191
         490
         107
         318
         129
         117
         195
          83
         764
         410
         152
         258
         105
         214
          50
         300
         228
         212
         217
         297
          39
         177
         281
         166
         221
         516
         127
         105
          47
          26
         208
         243
         497
         256
         626
         244
         358
          75
          60
         233
         187
         107
         289
         229
         275
          13
         394
         293
         518
          38
          52
         163
         548
         232
         543
         158
         515
         215
         231
         394
          84
         382
         496
         264
         146
          79
          89
         151
         981
         186
          20
         297
         230
         156
         407
         355
         403
         289
        1060
         309
          19
         725
         225
         329
         252
        1021
         149
         542
         105
           8
           4
          31
         434
          90
          16
         147
          32
         769
         637
         123
         439
         191
         657
         987
         233
         115
          13
         347
          82
         100
          46
         340
         122
         449
         321
         162
         366
         185
         263
         271
         235
         564
         265
         165
          54
          77
         536
         158
         199
         264
         245
          96
         310
         125
         140
         645
         593
         731
         323
          37
         377
          30
          74
         282
         101
         184
           9
         135
         113
         296
         250
         202
         537
         239
         165
         275
          59
         161
          78
         473
         201
         432
         404
         385
         281
         429
         131
         482
          95
         377
         211
         348
         395
         296
         173
          49
         247
         865
         218
         738
         103
         333
         851
          64
          47
         206
         142
         600
         188
         192
         154
         589
         209
         117
          61
          62
         181
         354
         401
         275
          67
         324
         331
         154
         425
         146
          78
         289
         367
         361
         418
         291
         655
         187
         437
         334
         144
         210
         453
         230
         255
         109
         464
         697
         140
         325
         386
         320
         269
         333
          62
         408
         179
         184
         206
         256
         385
          81
          72
         186
         402
         394
         105
         155
         339
         389
         178
         201
          81
         231
         202
         459
          36
         543
         288
         140
         203
          66
         485
           4
         264
         271
         202
         542
         239
         736
          57
         269
         414
         467
         279
          49
         131
         312
         233
         476
          62
         486
         276
         445
         195
         314
         221
         162
         671
          23
          33
          19
         784
          63
         245
         297
         239
         364
          91
         181
         356
          32
         122
         352
         196
         235
         457
         101
         738
          43
         246
         350
         417
         235
          54
         638
         513
         327
         442
         441
         120
          43
         467
         503
         560
         354
         388
         263
          93
          40
          49
         220
         226
          41
         170
         315
         441
          91
         177
          14
         640
          89
         121
         377
         317
          70
         333
         149
          77
         333
         225
        1053
          56
         573
         249
         741
         532
         114
         183
         207
         207
         292
         328
         226
          74
          70
         515
         197
          71
         365
        1393
         977
         103
         901
         621
         821
         582
         425
         309
         312
         224
          79
         917
         313
         318
          80
          34
         263
         160
         141
          37
         101
         209
          25
         345
        1785
         152
         690
         460
          97
         787
          59
         575
          62
         904
         189
         526
         143
         267
         275
         963
         226
         107
         565
         272
         103
          97
         115
         366
         120
          72
         193
         398
         549
         306
         358
          77
         209
         380
         346
         301
          89
         241
          95
         212
         134
         355
         902
         225
          75
         299
         321
         468
         277
          13
         123
         151
         222
         202
         331
         495
         259
         572
         426
          29
         234
           1
         319
         483
         561
          58
          20
         159
         615
         376
         247
          90
         411
         122
         451
         218
         504
         757
         789
         161
        1130
          36
         345
         196
         131
         399
         152
         125
         195
        1315
         320
          85
         590
          79
         255
         223
         295
          29
         413
         297
         759
         194
         349
         190
         282
         236
         126
          23
         201
         248
         774
         166
         280
         323
         109
         409
         194
          65
         211
         109
         139
          55
          60
         177
          73
         341
         203
         439
          19
         535
         154
         258
          97
         579
         459
         149
         158
         228
         777
         139
         283
         177
          45
         327
         900
         319
         280
         265
          55
         345
         256
         176
          42
         358
         160
         261
          48
         313
         727
         123
         309
         374
         318
         247
         236
         393
         744
         211
         362
          95
          97
         396
          53
         150
         106
         160
        1226
          75
          85
         611
         483
         506
         233
         352
         430
         824
         449
        1681
          92
         163
         228
         682
         299
         285
         669
          69
         317
         156
         430
         195
         131
          37
          42
          35
          80
           5
         260
         428
         154
         119
         130
          26
         521
         129
        1035
         250
         396
         609
         141
         130
          42
         206
          97
         192
         146
         127
         182
         206
         408
         154
         659
         121
        1026
         151
         146
         178
         469
         267
         259
         243
         169
         658
         198
         158
         577
         220
         116
         273
         221
          75
          37
         198
         672
          30
         136
         467
         202
         298
         536
         364
         189
         414
           6
         221
          70
         291
         569
         307
         239
         100
          18
         782
          60
          50
         202
          81
         141
         843
         237
         324
         441
         193
         326
         259
         360
         159
         424
          94
         915
         253
         172
         148
         181
         416
          41
         489
         287
         440
         354
          77
         772
         304
         287
         259
         277
         137
         371
         247
         519
         323
         755
         159
         120
         416
         208
         295
         486
         285
         154
          34
         251
         153
         166
         554
         710
          38
         600
         298
         370
         101
         620
          47
          22
         396
          71
         469
         223
         509
         309
          37
         104
         387
          83
         341
         416
          95
          56
         490
         259
         770
         105
         708
          44
          51
         423
         446
          40
          15
         220
         169
         321
         204
         427
         311
         234
         138
         448
         658
          62
        1359
         814
         250
         268
         147
         141
         880
          76
         289
         231
         549
         471
         718
          67
         280
         249
         118
         281
         215
         248
         297
          26
          68
         448
         654
          83
          93
         620
         219
        1089
        1040
         301
         582
         530
          60
          27
         118
         178
         632
         313
         108
         163
         406
         110
         497
         248
         188
         476
         164
          54
         247
         421
          73
         275
         157
         243
         301
         266
         308
         117
         618
         261
         162
          32
         301
         380
         264
          68
          71
         283
          93
          75
         111
         417
         473
         319
         629
         489
         548
         179
         142
         389
         240
         122
         428
         442
         295
         284
          99
         573
         363
         251
         295
         429
         104
         340
          35
         434
          13
         169
         180
         283
         265
         153
          14
         195
         371
         442
         166
         168
         243
         230
         248
         657
         320
          13
         376
         553
          23
         390
         563
         763
         446
         389
        1289
         230
         595
         369
         255
         716
         115
          28
         355
         220
          78
         575
         260
         492
         277
          94
         228
         144
         433
         268
         132
         133
          21
         202
         126
          76
         311
         573
          34
         312
         223
         219
         547
         156
         160
          99
         180
         355
         221
         269
         179
         273
          28
         346
         232
         209
         154
         154
         263
         379
         684
         398
          55
         319
         110
         469
        1230
         284
          55
         139
         302
         550
         345
         112
         222
          92
         398
          41
         178
         217
          91
         295
          62
         828
         159
         160
         147
          28
          89
         731
          26
         431
         691
          11
         825
          26
         560
         914
          37
         217
         458
          87
         179
          96
         253
         114
          32
         153
          20
         211
         272
         312
         190
         163
         323
         513
         125
         393
         106
         320
         167
         107
         288
         251
         253
         971
         384
          31
         108
         282
         375
         150
          98
         239
         313
          55
         194
         136
         123
         507
          92
         195
         230
         629
          45
         413
         293
         281
         703
         300
         280
         774
         217
         269
         265
         307
         656
          34
         111
         374
         394
        1121
         193
         113
         299
         597
         113
         463
          96
          37
         366
         378
          42
         172
         132
         191
         553
         891
         737
         408
         738
         270
          78
          78
         361
          39
         171
         207
         570
          46
         358
         255
          56
          44
         101
         227
          79
         318
          38
         311
         334
         115
         110
         369
          98
         351
         164
          15
         983
         254
          29
         136
         259
         199
         266
           1
         705
         121
          50
          18
         233
         241
         283
         300
         547
         346
         328
          44
         259
         280
         801
         175
         339
         337
          96
         367
         492
         241
         393
         212
          95
         316
         208
          27
         136
         759
         240
         443
         544
         182
         165
         615
          68
         282
         230
         222
         538
          23
         395
         153
         157
          93
         231
         269
         614
         221
         484
         242
         348
         307
         116
        1229
         636
         327
         222
         282
         247
         281
          30
         223
          98
         609
         519
         124
         207
         272
         297
         251
         114
         174
         427
         118
         337
         603
          31
         140
         807
         140
         245
          32
         931
         300
         328
          24
         388
          34
         387
         202
         495
          81
         883
         410
          62
         270
         166
         332
         279
         550
         363
         262
         863
          23
         105
          67
         385
         272
         247
         233
         249
         316
         156
         108
          67
         647
        1010
         298
          46
         270
         397
         193
          72
          32
         146
         376
         305
         480
         206
         154
         308
         530
          46
         280
         289
          13
         105
         428
         686
         349
         692
          17
         234
         377
         592
         333
         119
           4
         514
           7
         151
         480
         260
          39
         615
         171
          28
         669
         308
          16
         713
         328
         612
         315
         408
         286
         184
         594
         395
         528
         434
          46
         219
         495
          73
         241
         249
         188
         272
         121
         177
          29
         217
          15
         494
         287
         268
         350
         540
         253
         305
         331
         243
         124
          96
          69
         291
         249
         225
         668
         113
         676
         357
         461
          57
         277
         265
         152
         341
         936
         229
         257
          77
         519
         207
         340
         275
          64
         854
         168
         365
         386
          24
         135
          88
         319
         311
          97
         381
          84
         157
         185
         335
         355
         285
         303
         186
         557
          28
         313
         245
         414
         264
         151
          45
         229
         425
         420
         386
          67
         136
         305
         641
          57
         670
         395
         381
         617
         566
           3
          39
         360
          75
         438
         285
         692
          12
          63
         197
         917
         345
         123
         264
          92
         134
        1260
         125
         676
         299
         360
         564
          22
         798
         299
         230
          31
         230
         285
          57
         185
         331
         220
         307
         322
         271
         265
         169
         506
         114
         501
         527
         101
         646
          60
          50
         247
          32
         818
          22
         303
         715
         172
         205
         192
          30
         114
          63
         516
         141
         238
         773
         186
          58
        1247
         276
          58
         630
         138
         289
         260
         283
          62
          36
         796
          79
         105
         470
         101
         285
         716
          26
         121
         111
          43
         181
         404
         115
         225
          64
         378
         182
         125
          18
         253
         307
          27
        1212
         670
         426
          91
         111
          14
         575
          83
         411
         315
         138
         437
          41
         653
         337
         703
         259
          82
         125
         785
         172
          46
         127
         773
         345
         345
         370
         281
         115
         700
         225
         170
         219
         309
         758
          54
         543
         269
          30
         764
         144
         892
         212
         372
         822
          99
         115
          68
         283
         648
          69
          55
         235
          69
         173
         730
          80
         190
         831
         649
         294
          55
          90
         244
        1022
         117
          44
        1201
         400
         115
          21
         540
         239
          44
         149
         227
         281
         127
         195
         272
         257
         516
         360
         716
         300
          90
           8
         252
         913
         263
         808
         285
         444
          28
          77
         184
        1413
          82
         404
         325
         251
         164
         619
         520
         574
         433
         368
          51
         203
         174
          36
         149
         158
          87
         949
         215
         186
        1302
         103
          10
         198
         160
         272
         818
          83
         365
         390
          17
         624
         212
         336
         109
         102
         128
          96
         372
         195
         112
          26
         163
         424
          50
         138
         214
         732
         108
         248
         340
         500
         510
         435
          69
          52
         188
         254
         150
          34
          79
         102
         530
         339
          66
          64
         119
         291
          41
         872
         346
         957
          22
         271
         124
         294
         157
         144
         601
         193
          38
         127
         455
         726
         879
         426
         284
          36
         881
         343
         146
         306
         427
         544
         152
          68
         129
          68
         365
         248
         336
          62
         558
         198
         464
          23
         485
         264
         693
         336
         396
          71
         349
         260
         179
          83
         526
         143
         218
         175
         354
         373
         370
         371
         478
         218
          13
         719
         259
         166
         185
          36
         347
         329
         336
         552
          43
          72
         311
           4
          52
         307
         442
         304
          96
          16
          22
         302
         154
          73
          70
         291
         331
         132
         329
         275
          70
          35
          85
         283
         251
         162
         613
         420
         336
         254
         489
         399
         303
         325
         339
         660
        1033
         233
         392
         507
         143
         947
         250
         177
         132
         240
         263
         125
         123
         175
         413
         738
          19
         573
         204
         563
         564
          82
         142
         539
         352
         463
         217
         553
         210
         260
         175
         158
         292
         241
         159
         688
          90
         603
         136
         319
        1140
         118
         129
         207
         171
         317
         372
         304
         875
         503
         522
         161
         140
         351
         211
         394
         350
         174
         290
         227
        1848
         188
         746
         219
         117
         202
         151
         100
         167
         298
         641
         319
         135
         166
          32
         252
         154
         528
          81
         305
         746
         265
         111
         285
          40
         172
         117
          89
         107
         425
          59
         287
         304
         277
         107
         655
         419
         356
         429
         772
          27
         163
         485
          98
         161
         116
         264
         120
         442
          54
         190
         530
         579
         148
         105
         257
         147
         622
         160
          49
         346
         316
         171
         242
          98
         458
          96
         363
         184
         432
         142
         154
         431
         466
         253
         293
         297
         324
         287
         268
          46
         176
         678
          80
         389
         394
         168
         268
         129
         201
          36
         504
         291
         237
         293
          74
         295
         548
         151
         243
         220
         210
         810
         336
         118
         102
          92
          55
         378
         771
          19
         336
         657
         246
         529
         219
         277
         225
         140
         118
          62
         157
         598
         105
         156
         205
         324
         260
         341
         291
         394
         141
         339
         387
          87
         117
         177
         291
         316
         316
         323
          36
         414
         116
         264
         123
         501
         220
         347
          76
         440
         572
         330
         382
         130
          83
          78
          93
          54
         111
         257
         238
          83
         197
         415
          59
         280
         242
         257
         477
         542
          39
         473
         106
         345
         432
          34
         112
         656
          29
          88
         163
         742
         209
         163
         253
         300
         204
         600
          88
         409
         279
         320
         251
         123
         213
         577
         107
         311
          55
         120
         664
         660
          98
         263
         182
         211
         435
         465
         129
         167
         209
         531
         817
         325
         115
         588
         122
         329
         407
         240
          63
         142
         234
          76
         243
          88
         622
         512
         219
          50
          79
         329
         136
          20
          68
         336
         195
         332
         969
          42
         131
          64
         241
         193
         467
         321
         230
         275
        1059
         108
         275
         152
         165
         682
         743
         228
         100
         187
          24
         194
          20
         178
         379
         231
         671
          77
         350
          65
         705
         185
         426
          89
         298
         578
         369
         223
         337
          74
          18
         680
         217
         123
          63
         134
         369
         191
         293
         317
         630
         190
         276
         166
         173
         184
         598
         736
         391
         347
         310
         297
         531
         185
         111
         334
          71
         268
         273
          58
         131
         134
         121
         289
         655
         121
          62
        1099
         483
         127
         914
         126
         385
         289
         189
         906
         550
         768
          59
         512
         292
         197
         414
          50
         281
         138
         245
          77
          98
          16
          62
         263
         171
         119
          70
         263
         395
         251
         321
        1195
         349
          35
         492
         158
         670
         450
          72
         471
         395
         345
         275
         473
          46
          92
         299
         209
         570
         339
         217
         174
          74
          30
         285
         127
         138
         587
         291
         265
         120
         267
         237
         549
         279
          55
         593
         181
         690
          11
         301
         367
         300
         434
         315
         642
         451
         231
         835
         195
         466
          73
         321
           4
         118
         275
         161
          36
         296
         119
          78
         710
         284
         257
         133
         259
         460
         388
         196
         445
         599
         238
         369
          28
         144
          80
         110
         863
         253
         145
        1339
         221
          93
         280
          46
         111
         269
          57
          79
         269
         208
         130
         246
         349
          12
         456
         103
          16
         285
         263
         429
         830
         149
          44
          94
         370
         229
         436
         362
         224
         424
          50
          82
         130
         179
          70
         695
         455
         164
         501
         595
          92
         453
         131
         922
         253
          10
         106
         201
          16
         119
         590
         486
          98
         711
