1.000000e+008 6.525696e+006 5.819813e+006 
9.090909e+007 6.227149e+006 5.567580e+006 
8.264463e+007 5.942192e+006 5.312099e+006 
7.513148e+007 5.670334e+006 5.067544e+006 
6.830135e+007 5.410970e+006 4.834304e+006 
6.209213e+007 5.163519e+006 4.611961e+006 
5.644739e+007 4.927418e+006 4.399529e+006 
5.131581e+007 4.702151e+006 4.197974e+006 
4.665074e+007 4.487183e+006 4.004060e+006 
4.240976e+007 4.282062e+006 3.820322e+006 
3.855433e+007 4.086316e+006 3.645252e+006 
3.504939e+007 3.899505e+006 3.478217e+006 
3.186308e+007 3.721202e+006 3.318148e+006 
2.896644e+007 3.551034e+006 3.167217e+006 
2.633313e+007 3.388591e+006 3.022034e+006 
2.393920e+007 3.233531e+006 2.884307e+006 
2.176291e+007 3.085487e+006 2.751557e+006 
1.978447e+007 2.944153e+006 2.625716e+006 
1.798588e+007 2.809212e+006 2.506133e+006 
1.635080e+007 2.680357e+006 2.391524e+006 
1.486436e+007 2.557307e+006 2.281945e+006 
1.351306e+007 2.439810e+006 2.178949e+006 
1.228460e+007 2.327581e+006 2.079203e+006 
1.116782e+007 2.220396e+006 1.984333e+006 
1.015256e+007 2.118025e+006 1.894173e+006 
9.229600e+006 2.020239e+006 1.807324e+006 
8.390545e+006 1.926844e+006 1.724781e+006 
7.627768e+006 1.837638e+006 1.645354e+006 
6.934335e+006 1.752446e+006 1.570041e+006 
6.303941e+006 1.671095e+006 1.498200e+006 
5.730855e+006 1.593420e+006 1.429355e+006 
5.209868e+006 1.519276e+006 1.362989e+006 
4.736244e+006 1.448543e+006 1.300439e+006 
4.305676e+006 1.381089e+006 1.239732e+006 
3.914251e+006 1.316821e+006 1.181832e+006 
3.558410e+006 1.255636e+006 1.125655e+006 
3.234918e+006 1.197454e+006 1.072083e+006 
2.940835e+006 1.142188e+006 1.021072e+006 
2.673486e+006 1.089740e+006 9.716306e+005 
2.430442e+006 1.040031e+006 9.256549e+005 
2.209493e+006 9.929330e+005 8.799832e+005 
2.008630e+006 9.483653e+005 8.375329e+005 
1.826027e+006 9.062046e+005 7.959553e+005 
1.660025e+006 8.663545e+005 7.558460e+005 
1.509113e+006 8.287350e+005 7.191174e+005 
1.371921e+006 7.932431e+005 6.833154e+005 
1.247201e+006 7.598039e+005 6.485086e+005 
1.133819e+006 7.283564e+005 6.157418e+005 
1.030745e+006 6.988329e+005 5.845942e+005 
9.370406e+005 6.711620e+005 5.538392e+005 
8.518551e+005 6.452860e+005 5.254808e+005 
7.744138e+005 6.211214e+005 4.985340e+005 
7.040125e+005 5.985800e+005 4.729845e+005 
6.400114e+005 5.775586e+005 4.480152e+005 
5.818285e+005 5.579538e+005 4.251327e+005 
5.289350e+005 5.396439e+005 4.037015e+005 
4.808500e+005 5.225053e+005 3.836590e+005 
4.371364e+005 5.064132e+005 3.649713e+005 
3.973967e+005 4.912452e+005 3.475944e+005 
3.612697e+005 4.768842e+005 3.314767e+005 
3.284270e+005 4.632212e+005 3.165574e+005 
2.985700e+005 4.501567e+005 3.027793e+005 
2.714273e+005 4.376017e+005 2.900728e+005 
2.467521e+005 4.254782e+005 2.783667e+005 
2.243201e+005 4.137189e+005 2.675886e+005 
2.039273e+005 4.022667e+005 2.576661e+005 
1.853885e+005 3.910736e+005 2.485286e+005 
1.685350e+005 3.800997e+005 2.401083e+005 
1.532136e+005 3.693122e+005 2.323409e+005 
1.392851e+005 3.586837e+005 2.251658e+005 
1.266228e+005 3.481915e+005 2.185262e+005 
1.151117e+005 3.378168e+005 2.123686e+005 
1.046470e+005 3.275440e+005 2.066429e+005 
9.513361e+004 3.173607e+005 2.013015e+005 
8.648510e+004 3.072569e+005 1.962994e+005 
7.862282e+004 2.972257e+005 1.915939e+005 
7.147529e+004 2.872628e+005 1.871444e+005 
6.497754e+004 2.773666e+005 1.829129e+005 
5.907049e+004 2.675384e+005 1.788634e+005 
5.370044e+004 2.577818e+005 1.749627e+005 
4.881859e+004 2.481031e+005 1.711803e+005 
4.438053e+004 2.385106e+005 1.674888e+005 
4.034594e+004 2.290146e+005 1.638640e+005 
3.667813e+004 2.196265e+005 1.602846e+005 
3.334375e+004 2.103590e+005 1.567331e+005 
3.031250e+004 2.012251e+005 1.531946e+005 
2.755682e+004 1.922383e+005 1.496577e+005 
2.505165e+004 1.834118e+005 1.461139e+005 
2.277423e+004 1.747582e+005 1.425572e+005 
2.070385e+004 1.662893e+005 1.389844e+005 
1.882168e+004 1.580158e+005 1.353943e+005 
1.711062e+004 1.499468e+005 1.317875e+005 
1.555511e+004 1.420898e+005 1.281661e+005 
1.414101e+004 1.344506e+005 1.245329e+005 
1.285546e+004 1.270334e+005 1.208908e+005 
1.168678e+004 1.198414e+005 1.172427e+005 
1.062435e+004 1.128766e+005 1.135913e+005 
9.658497e+003 1.061409e+005 1.099385e+005 
8.780452e+003 9.963601e+004 1.062863e+005 
7.982229e+003 9.336412e+004 1.026362e+005 
7.256572e+003 8.732763e+004 9.899043e+004 
6.596883e+003 8.152923e+004 9.535173e+004 
5.997167e+003 7.597164e+004 9.172377e+004 
5.451970e+003 7.065727e+004 8.811126e+004 
4.956336e+003 6.558787e+004 8.451988e+004 
4.505760e+003 6.076429e+004 8.095614e+004 
4.096145e+003 5.618629e+004 7.742706e+004 
3.723769e+003 5.185245e+004 7.393995e+004 
3.385244e+003 4.776027e+004 7.050213e+004 
3.077495e+003 4.390626e+004 6.712074e+004 
2.797722e+003 4.028606e+004 6.380264e+004 
2.543384e+003 3.689462e+004 6.055437e+004 
2.312167e+003 3.372623e+004 5.738217e+004 
2.101970e+003 3.077461e+004 5.429196e+004 
1.910882e+003 2.803290e+004 5.128940e+004 
1.737166e+003 2.549357e+004 4.837985e+004 
1.579241e+003 2.314846e+004 4.556829e+004 
1.435674e+003 2.098868e+004 4.285920e+004 
1.305158e+003 1.900468e+004 4.025641e+004 
1.186507e+003 1.718635e+004 3.776294e+004 
1.078643e+003 1.552314e+004 3.538082e+004 
9.805847e+002 1.400427e+004 3.311105e+004 
8.914406e+002 1.261902e+004 3.095352e+004 
8.104005e+002 1.135689e+004 2.890711e+004 
7.367278e+002 1.020787e+004 2.696973e+004 
6.697525e+002 9.162558e+003 2.513856e+004 
6.088659e+002 8.212283e+003 2.341019e+004 
5.535145e+002 7.349131e+003 2.178082e+004 
5.031950e+002 6.565929e+003 2.024646e+004 
4.574500e+002 5.856181e+003 1.880303e+004 
4.158636e+002 5.213991e+003 1.744651e+004 
3.780578e+002 4.633974e+003 1.617297e+004 
3.436889e+002 4.111165e+003 1.497862e+004 
3.124445e+002 3.640952e+003 1.385980e+004 
2.840404e+002 3.219018e+003 1.281301e+004 
2.582186e+002 2.841300e+003 1.183484e+004 
2.347442e+002 2.503962e+003 1.092200e+004 
2.134038e+002 2.203381e+003 1.007129e+004 
1.940034e+002 1.936135e+003 9.279547e+003 
1.763668e+002 1.698999e+003 8.543700e+003 
1.603334e+002 1.488950e+003 7.860715e+003 
1.457577e+002 1.303166e+003 7.227609e+003 
1.325070e+002 1.139030e+003 6.641443e+003 
1.204609e+002 9.941379e+002 6.099335e+003 
1.095099e+002 8.663043e+002 5.598460e+003 
9.955444e+001 7.535622e+002 5.136068e+003 
9.050404e+001 6.541637e+002 4.709499e+003 
8.227640e+001 5.665719e+002 4.316207e+003 
7.479673e+001 4.894472e+002 3.953770e+003 
6.799702e+001 4.216274e+002 3.619912e+003 
6.181548e+001 3.621039e+002 3.312509e+003 
5.619589e+001 3.099955e+002 3.029594e+003 
5.108717e+001 2.645232e+002 2.769352e+003 
4.644288e+001 2.249886e+002 2.530110e+003 
4.222080e+001 1.907567e+002 2.310325e+003 
3.838255e+001 1.612439e+002 2.108570e+003 
3.489323e+001 1.359107e+002 1.923518e+003 
3.172111e+001 1.142587e+002 1.753930e+003 
2.883738e+001 9.582883e+001 1.598646e+003 
2.621580e+001 8.020167e+001 1.456578e+003 
2.383254e+001 6.699746e+001 1.326704e+003 
2.166595e+001 5.587573e+001 1.208064e+003 
1.969632e+001 4.653425e+001 1.099758e+003 
1.790574e+001 3.870734e+001 1.000946e+003 
1.627795e+001 3.216339e+001 9.108426e+002 
1.479813e+001 2.670216e+001 8.287193e+002 
1.345285e+001 2.215165e+001 7.538991e+002 
1.222986e+001 1.836505e+001 6.857561e+002 
1.111806e+001 1.521768e+001 6.237127e+002 
1.010732e+001 1.260412e+001 5.672372e+002 
9.188477e+000 1.043555e+001 5.158408e+002 
8.353161e+000 8.637425e+000 4.690750e+002 
7.593782e+000 7.147291e+000 4.265290e+002 
6.903439e+000 5.912972e+000 3.878269e+002 
6.275853e+000 4.890947e+000 3.526251e+002 
5.705321e+000 4.044977e+000 3.206099e+002 
5.186656e+000 3.344922e+000 2.914948e+002 
4.715141e+000 2.765744e+000 2.650189e+002 
4.286492e+000 2.286659e+000 2.409440e+002 
3.896811e+000 1.890430e+000 2.190533e+002 
3.542556e+000 1.562769e+000 1.991494e+002 
3.220505e+000 1.291839e+000 1.810524e+002 
2.927732e+000 1.067837e+000 1.645988e+002 
2.661574e+000 8.826471e-001 1.496395e+002 
2.419613e+000 7.295543e-001 1.360391e+002 
2.199648e+000 6.030016e-001 1.236743e+002 
1.999680e+000 4.983923e-001 1.124330e+002 
1.817891e+000 4.119244e-001 1.022132e+002 
1.652628e+000 3.404538e-001 9.292212e+001 
1.502389e+000 2.813808e-001 8.447542e+001 
1.365809e+000 2.325557e-001 7.679642e+001 
1.241644e+000 1.922013e-001 6.981536e+001 
1.128767e+000 1.588485e-001 6.346883e+001 
1.026152e+000 1.312828e-001 5.769918e+001 
9.328656e-001 1.085003e-001 5.245399e+001 
8.480596e-001 8.967105e-002 4.768558e+001 
7.709633e-001 7.410927e-002 4.335063e+001 
7.008757e-001 6.124800e-002 3.940974e+001 
6.371598e-001 5.061863e-002 3.582710e+001 
5.792361e-001 4.183389e-002 3.257013e+001 
5.265783e-001 3.457367e-002 2.960924e+001 
4.787076e-001 2.857343e-002 2.691752e+001 
4.351887e-001 2.361450e-002 2.447049e+001 
3.956261e-001 1.951618e-002 2.224592e+001 
3.596601e-001 1.612912e-002 2.022357e+001 
3.269637e-001 1.332989e-002 1.838507e+001 
2.972397e-001 1.101646e-002 1.671371e+001 
2.702179e-001 9.104524e-003 1.519428e+001 
2.456527e-001 7.524410e-003 1.381299e+001 
2.233206e-001 6.218527e-003 1.255726e+001 
2.030187e-001 5.139283e-003 1.141570e+001 
1.845625e-001 4.247345e-003 1.037791e+001 
1.677841e-001 3.510205e-003 9.434463e+000 
1.525310e-001 2.900997e-003 8.576785e+000 
1.386645e-001 2.397519e-003 7.797078e+000 
1.260587e-001 1.981422e-003 7.088253e+000 
1.145988e-001 1.637539e-003 6.443867e+000 
1.041807e-001 1.353338e-003 5.858061e+000 
9.470974e-002 1.118462e-003 5.325510e+000 
8.609976e-002 9.243486e-004 4.841373e+000 
7.827251e-002 7.639245e-004 4.401248e+000 
7.115683e-002 6.313427e-004 4.001135e+000 
6.468803e-002 5.217709e-004 3.637396e+000 
5.880730e-002 4.312156e-004 3.306723e+000 
5.346118e-002 3.563766e-004 3.006112e+000 
4.860107e-002 2.945261e-004 2.732829e+000 
4.418279e-002 2.434100e-004 2.484390e+000 
4.016617e-002 2.011653e-004 2.258537e+000 
3.651470e-002 1.662523e-004 2.053215e+000 
3.319519e-002 1.373986e-004 1.866559e+000 
3.017744e-002 1.135526e-004 1.696872e+000 
2.743404e-002 9.384511e-005 1.542611e+000 
2.494003e-002 7.755794e-005 1.402374e+000 
2.267276e-002 6.409747e-005 1.274885e+000 
2.061160e-002 5.297312e-005 1.158985e+000 
1.873782e-002 4.377944e-005 1.053622e+000 
1.703438e-002 3.618135e-005 9.578357e-001 
1.548580e-002 2.990195e-005 8.707597e-001 
1.407800e-002 2.471235e-005 7.915954e-001 
1.279818e-002 2.042343e-005 7.196322e-001 
1.163471e-002 1.687887e-005 6.542111e-001 
1.057701e-002 1.394948e-005 5.947374e-001 
9.615463e-003 1.152849e-005 5.406703e-001 
8.741330e-003 9.527681e-006 4.915184e-001 
7.946663e-003 7.874117e-006 4.468349e-001 
7.224240e-003 6.507535e-006 4.062136e-001 
6.567490e-003 5.378128e-006 3.692851e-001 
5.970446e-003 4.444734e-006 3.357137e-001 
5.427678e-003 3.673334e-006 3.051943e-001 
4.934253e-003 3.035813e-006 2.774493e-001 
4.485684e-003 2.508936e-006 2.522267e-001 
4.077895e-003 2.073501e-006 2.292970e-001 
3.707177e-003 1.713637e-006 2.084518e-001 
3.370161e-003 1.416229e-006 1.895016e-001 
3.063783e-003 1.170437e-006 1.722742e-001 
2.785257e-003 9.673036e-007 1.566129e-001 
2.532052e-003 7.994244e-007 1.423754e-001 
2.301865e-003 6.606813e-007 1.294322e-001 
2.092605e-003 5.460176e-007 1.176656e-001 
1.902368e-003 4.512542e-007 1.069687e-001 
1.729426e-003 3.729374e-007 9.724430e-002 
1.572205e-003 3.082127e-007 8.840391e-002 
1.429277e-003 2.547213e-007 8.036719e-002 
1.299343e-003 2.105134e-007 7.306108e-002 
1.181221e-003 1.739780e-007 6.641917e-002 
1.073837e-003 1.437835e-007 6.038106e-002 
9.762156e-004 1.188293e-007 5.489187e-002 
