        7005
         103
         429
           1
         767
        1130
          34
        1058
         669
          33
         179
         785
          86
         634
         300
          35
        1086
        2032
         139
         679
         524
          81
        1171
        1774
          79
         835
         294
          25
        1275
        1870
         225
         591
         441
         282
         154
         832
          16
         493
         432
          47
         408
         473
         214
         940
         790
          40
        1777
        2345
         415
         647
        1155
         412
         426
        1205
         522
         341
         249
          72
         566
         673
        1043
          76
         730
         510
         574
        1507
         433
         757
        2352
         452
         832
        1656
         280
         312
         837
          84
         807
         833
         750
         210
         178
         310
         399
         564
        1793
         711
         523
         286
         149
         567
         448
         624
         329
         268
         937
         738
          67
         291
         599
         376
         990
         739
         470
        1216
         687
         378
         799
         476
         859
        1017
        1125
         689
         890
         355
         409
         167
         834
        1119
         604
         375
        1081
          53
         743
        1223
          42
         195
         376
         626
         580
         860
         456
         124
         864
         778
         478
         501
         507
         503
         290
         655
         582
         459
         184
        1341
         459
        1197
         740
        1806
         607
         702
         753
        1442
         643
        2206
         191
         344
         369
        1171
         576
         345
         811
        2388
        1307
         275
         459
         453
         398
         907
          50
         532
         277
         731
        2025
        1382
         382
         376
         294
         695
         424
         449
         774
         263
         263
         157
        2640
         647
          78
         403
         175
         266
         384
         373
         395
         941
        1349
         485
          94
         791
         208
        1318
        1722
         229
        1063
         904
         342
        1401
        1310
         755
        2600
         203
          53
         484
         291
         613
          88
         610
         720
         127
         999
         865
         501
          93
         525
        1871
         598
         455
         532
         428
          25
        2908
         748
         795
         807
         946
         646
         331
         148
         506
         547
         400
         169
        1269
         900
         386
        1175
          55
         322
         432
         653
        1046
          93
         930
        1644
         314
         637
         723
        1287
        1221
        1971
         208
        1571
         708
         738
         749
         697
         597
         325
         349
         699
         215
         648
         704
        2053
        2113
        2232
         161
         389
         319
         659
         470
         500
        2819
         593
         348
         213
         268
         850
        2129
         627
         565
         158
         271
         875
        1309
         261
         506
        2745
         225
         292
        1887
         599
        1580
        1312
          76
        1086
        1293
        1610
        2237
         103
         202
         745
         214
          18
         221
         468
         663
         584
         169
        1384
          67
        1364
        1357
         631
         407
         918
         461
        2207
         668
         706
         815
         195
         537
        2722
        1273
         617
         132
         678
        1130
        2373
        1226
         511
         701
         451
         693
         472
         625
        1297
         755
         108
         719
         742
        2557
        1137
         437
         106
         658
         322
         645
        1210
         626
         304
          59
         797
         173
         218
         245
         404
         781
         192
        1058
         167
         677
         112
         505
         461
        1101
        1382
        1276
         370
         360
         908
        1250
         467
         952
         117
         945
         377
        2159
         168
         712
         544
         852
         427
        1295
        1375
         657
         484
        1470
         942
        1218
         222
         765
         272
        1105
         788
         292
         710
         433
         604
        2153
         663
        1339
         830
        1086
         321
         692
        1559
         627
         503
         485
         675
         379
        1024
        2219
        1175
         181
        1395
        2569
         457
        1709
         266
        1062
        1430
         723
         231
         372
         505
         691
         757
         707
         857
          30
         347
         577
         781
         330
         627
         169
         673
         303
         350
         261
         291
         431
        1220
         528
        1028
         851
         377
         376
         549
         736
         552
         481
         911
         532
         546
         737
         859
         192
         175
        1260
        1831
         637
        1854
         590
         196
         667
        2580
        1062
         406
         908
         685
        1075
         553
         133
         472
         309
        1164
         473
        1085
         765
         219
        1087
         311
          86
        1097
         638
         384
         584
        1227
         689
         626
        1258
         323
         731
         238
        1154
         186
         120
         745
         120
        2498
         364
          88
         714
         741
         745
         260
        1569
         935
         458
        2202
        1226
         214
          43
         365
         394
         323
        1930
         687
         377
        1054
         172
         871
         212
         978
         847
         541
         467
         216
        1293
         573
         730
         590
        1788
         246
         904
         837
        1295
         915
         809
        1561
         356
         455
         635
         454
         992
        1579
         717
         509
         352
        1537
         523
        1029
         309
         266
         531
         789
         807
          78
         661
         753
         610
         465
          59
        1281
         386
         251
         140
         374
        1190
         569
        1164
         791
        1323
         238
         246
         149
         202
         682
         884
         231
         979
         543
        1102
         726
         515
         498
          99
         366
         547
         692
         868
         574
         860
         849
         601
         965
          85
         477
        1084
        1160
         216
         522
         452
         785
         258
         406
         258
        1424
         575
         802
         377
         398
        1658
          47
         585
        1356
         151
        1339
         616
         857
         505
        1106
         243
        1106
         938
        1166
         511
        1472
         524
         366
        1155
         464
         152
         439
         811
         789
         841
         667
         619
         832
        1025
        1012
         326
         297
         461
         951
         791
        1287
         851
         168
         283
         373
         182
         310
         297
         871
         983
         693
        1385
         242
        1520
         386
        1148
         236
         773
         680
        1125
          73
         237
        1517
         742
         803
         191
         694
        2122
         262
          90
         464
         574
         928
        1207
        1745
         241
         523
         539
         550
         546
        1753
         358
        1237
         726
         221
         703
        1281
         931
         447
         760
         262
         140
        1868
        1586
        1121
        1438
         158
         655
         970
         340
         657
         295
         130
        1602
         523
        1375
        1108
         646
         269
         393
          85
          67
         445
         192
         692
         759
         318
         611
         843
         284
         132
         889
         311
        1062
         741
         826
         336
         874
         541
        1344
         874
         326
         899
         681
         170
         798
         241
        1227
        1039
         472
         342
         400
        1799
         645
         787
         839
         154
         858
         250
         635
          75
        2113
         924
         448
         176
        1839
        1027
         484
         568
         887
         753
         395
         126
         101
         660
          80
         418
         556
         821
         635
        1065
         600
         535
         860
         754
         917
         637
         773
        1636
         133
        1430
         253
         662
         939
         933
        2042
        1432
         262
          14
        1020
         314
         178
        1225
        1785
         786
         834
        1067
         144
         483
         884
          89
         582
         394
         702
        1007
         814
         763
         234
         174
         967
        1368
         732
         769
         433
        3707
         477
         366
         364
         647
         343
        1021
         447
         741
         406
         911
         622
        1190
         420
         413
        1013
         444
         632
         370
         301
         482
         769
        1255
         611
        2178
         776
        1131
         676
         544
         681
         713
         450
         515
         177
         903
         600
         778
         891
         689
        1622
         701
         910
         558
         699
        1516
        1686
         810
         298
         512
         440
         445
         404
         682
         170
         731
         265
         550
         955
         772
        1581
         536
         411
        1185
         686
        1139
         462
         261
         596
         109
         412
         561
         131
         591
         759
         382
         369
         202
         913
         913
         528
         478
         808
         785
         738
        1123
         870
         299
        2107
         626
        1606
         704
         511
         641
         340
         550
          94
         109
        1636
         829
         945
         209
         764
        1618
         279
         633
         427
         281
         339
         589
         513
        1999
         198
         204
         621
         525
         578
         430
         567
         272
         416
         394
          97
        1660
         333
         314
        1044
        1152
         198
         770
         585
         581
        1335
         666
         369
         529
         728
          97
         563
         805
         867
         389
         653
         573
         758
         985
        1434
         608
         263
         669
         773
        1938
        1237
         577
        1124
         127
          47
         701
         815
         380
         418
         215
         285
         130
         926
         692
        1695
         352
         107
         154
         218
        1628
         769
         533
         325
         171
         151
         878
        1008
         727
         959
        1261
         648
         627
         163
         573
          50
         341
         633
         849
        1260
         475
         326
         417
         325
        2041
         704
        1024
         507
         777
        1003
         577
         452
        1611
         711
         411
         250
        1798
         773
         113
         904
         364
         215
          94
         726
         749
         818
         815
         483
         755
        1423
         104
        1841
         195
         760
         515
         630
         614
          40
         968
         175
         724
         471
         361
         222
         299
         953
         308
         653
        1767
         567
         575
         479
         629
         926
         591
         108
         631
        1311
         431
         705
        1004
        1128
         255
         368
          47
         428
        1113
          39
         725
         435
         876
          57
        1125
        1079
         908
         532
         607
         446
         536
          84
         189
         135
          14
         303
        2143
         339
        1730
         707
        1485
        1077
        1002
         163
         657
          93
         190
         709
         672
        2298
         105
         264
         626
         539
         917
         298
         601
        1649
        1825
         249
          66
         401
        1406
         235
         284
         719
         655
         520
         813
         646
         509
        1032
         829
         106
         310
         781
         727
         403
        1201
        1304
         858
         882
        2858
         339
         173
         483
         753
         294
         491
          38
         532
         811
         887
        1231
         383
         151
        1460
         295
          59
          12
         371
         679
        1842
         255
         278
         402
         423
         657
        1272
         674
         437
         915
        1128
         720
         372
         658
        2957
         765
         997
         125
         290
         516
         498
         245
         230
         320
         881
         367
         497
        1098
         983
         234
         741
        1449
         770
         221
         122
         489
        1344
         825
         432
          45
        2193
         185
         400
         838
        1410
        1136
         992
         261
        1909
         701
         253
        1214
         231
         960
         257
        1010
        1101
         407
         607
         799
         359
         505
         169
         176
          98
         721
        1200
        1828
         182
         262
         333
         320
         454
         246
         213
         696
        1044
         495
         796
         725
         717
         299
         603
         533
        1830
        1112
         248
         276
         317
        1503
         669
         642
         615
         665
        1140
        1108
         774
        1568
         292
         707
         587
         544
         701
         912
         382
         287
         747
         641
         259
        1566
         269
         717
         600
        1413
         821
          72
         576
         898
         639
         580
         103
         273
         605
        1095
         691
         311
         691
        1055
        1730
         717
         124
         572
         270
         664
         133
         532
        1644
        1167
         701
        1346
        1251
          66
        2079
        1856
        1443
         307
         436
         314
         613
         803
         377
         282
         711
         935
         178
         736
         343
        1004
        1069
        1098
         740
         435
          67
         493
         213
         127
         647
         177
        1237
         423
        1459
         794
         473
         683
         747
         542
         930
         916
         269
        1237
        1175
         305
         909
         326
          37
          63
         544
         753
         480
          65
          76
         321
         328
         255
         574
         693
         198
          91
        1015
         267
         157
         238
        1286
         616
        1779
         328
         867
         827
         295
         721
         779
        1850
         249
          53
         548
         186
         153
         404
         958
         390
         292
        2776
         626
         460
         792
         774
         113
         304
        1976
         846
         779
         573
          78
         649
         114
         745
         113
         247
         329
         903
        1037
         448
         632
         441
        1006
         599
         864
         342
         647
        2136
         786
         739
        1648
         982
         643
        1175
         385
         777
        1067
        1058
         203
         493
         613
         287
         799
         630
         500
         912
        1406
         635
         480
        1134
        1070
         196
        1225
         339
         589
         543
         355
         655
         415
        1152
         698
         927
         606
        1027
        1856
         532
         392
        1976
        1398
         314
        1182
         603
        1447
         682
         316
          51
        1757
        1353
         862
         379
          92
         427
        1284
        1392
        1270
        1878
         161
         918
         218
         883
         528
         599
        1125
        1267
         567
         246
        1098
         210
          99
         206
         935
         240
         449
         301
         596
         736
         187
        1451
         716
         614
          94
         892
        1332
         822
         266
         621
         444
         745
         264
         334
        1649
         827
         618
          20
         147
         508
         133
          26
         271
        2078
         142
         739
         112
         695
         166
         105
         364
         116
        1416
         587
         521
         103
         807
        1591
         535
         239
        1057
         730
         309
        1276
         432
         313
         581
         498
         495
         573
          41
         769
         676
         745
         763
         305
         511
         784
         516
         924
         949
         508
         294
         163
        1552
         666
         752
         476
         385
         529
          40
         579
        1727
         162
         875
         110
         927
         112
         665
         760
         127
        1167
         231
         102
          87
         736
        2144
         949
         562
         408
         253
          63
         703
         672
        1637
        1265
        1841
         894
         337
          44
        1417
          93
        2100
        1029
         318
         569
         824
         923
         516
         673
         121
         631
         393
        1262
         215
        1159
         547
         507
         561
         273
         578
         117
         161
         111
        1151
         322
        1517
         363
         715
         566
         141
         630
         333
         625
         186
         302
         586
         841
         710
         119
          76
         944
         513
         582
         418
         468
         734
         178
         295
         204
         556
         586
         136
        1008
         875
        1131
         231
         525
          85
         386
         702
         502
         511
         298
         609
        1226
        1067
         382
         677
        1349
        2078
          18
        2070
        1464
         323
         214
          43
         274
         496
         495
          46
          27
         380
         829
         733
         542
         893
         303
        1126
         134
         808
        2731
        1126
         674
         759
         611
         338
         406
        1274
         908
         556
         317
        2542
         324
        1557
         507
         608
         442
        1803
         733
         648
         205
         189
         123
         640
         778
         184
        1001
         386
         661
          60
         290
         848
         531
         548
        1118
        1498
         723
         514
        1070
        1983
         341
         604
        1685
         927
         739
         249
        1157
         419
         362
        1155
         265
         835
         257
        1406
         769
         136
         362
         972
         798
         389
         245
        1044
         759
         418
        1643
         615
         441
          60
         478
         527
         915
        1032
         903
         275
          67
         223
         219
         785
        1676
         859
         765
        1315
         256
         888
         486
         356
         351
         568
         662
         676
          47
         717
         807
        1112
         795
          24
          26
        1731
         712
         872
        1455
         140
         919
         212
         114
         912
         834
        1598
        1366
        1304
         977
         597
         997
         113
         180
         479
        1317
         125
        1194
         304
        1521
        1531
         103
         828
         440
         362
        1179
         459
         657
         119
         260
         782
         715
         944
         380
         186
         717
        2351
         164
         233
         635
         118
         260
         177
         438
         954
        1428
         890
         319
         364
         971
        1073
         832
        1218
          31
         642
         769
         523
        1007
         760
        1182
        1026
         218
         629
         598
         902
         624
         231
        2506
         709
         935
        2270
         579
        1207
        1130
        1616
         779
         289
         468
        1101
         474
        1061
        1860
        1787
         574
         323
         114
         866
         682
        1378
         749
         328
         502
         178
        1554
         512
        1263
         550
         837
         587
        1601
        2094
        1671
         656
         694
         783
         550
        1101
         699
        1797
         239
        1429
          53
         527
         529
         704
         338
         538
         731
          57
         881
         196
         600
         119
         626
         664
        1606
         846
         279
         429
         747
         243
         797
         903
        1911
          46
        1408
         894
         364
         339
          81
         989
          68
         288
         211
         262
        1412
         725
         687
         568
         292
         861
         576
         981
         237
         418
         759
        1044
        1140
        1089
         772
        1004
         694
         202
         206
         170
         808
        1253
         721
         423
         743
         439
        1316
        1274
         753
         589
        1192
         573
        1107
         952
        1172
         357
         171
        1308
         888
         334
         697
          47
         494
         147
         942
         215
         817
         784
         652
         604
         712
         238
         167
         202
         210
        1134
         697
         955
         688
         482
        1430
         182
         646
         490
         497
         757
        1222
         437
         779
         844
        1685
         839
         798
         175
        1875
         404
         651
        1706
        2189
        1592
         989
          56
        1291
        1421
          61
          68
         101
        1076
          74
         856
         979
         299
          80
         116
         669
         404
         444
         414
         182
         534
         238
         882
         262
        1268
         562
         896
         574
         483
        1064
        1931
         238
         292
         475
         296
        1569
         302
        1463
         205
         200
        2105
        1366
        1679
         636
         165
         341
         198
         772
        1217
          57
         570
         697
         626
         247
        1198
         708
         698
         785
        1071
        1460
         465
          79
         286
         699
         628
         577
         959
         558
         632
         519
         934
          75
         156
         409
        1178
         562
         713
        1147
         599
         611
         737
         247
         693
         352
         790
         710
         488
        1027
         614
          88
        1561
         284
         939
         717
         723
         476
         411
         689
         528
         454
         802
          28
         630
         405
        1683
         659
         702
         767
         102
         695
         202
         832
         917
        1486
         384
         367
         363
         521
         209
         307
         518
         655
         273
        1615
         986
         294
         749
         801
         844
         281
         607
         787
        1213
         766
         195
         245
         534
         565
         604
         694
         803
         338
         612
         305
        1023
         204
         548
         153
         629
         314
        1037
         987
         730
         878
         725
        1241
         567
         972
         879
         849
         460
        3208
        1424
         730
         410
         873
         179
        1188
         404
         754
         950
         885
        1153
         299
        1577
         579
         807
         291
          81
         532
         839
         358
         671
         932
        1344
        1587
        1168
         812
         535
         219
         809
         122
          82
         176
         903
         612
        2082
         215
         751
        1754
        1017
         518
        1513
         589
         238
        1440
         138
           9
         609
         888
         552
         773
         349
         377
         888
         231
        1315
         245
        1020
         918
         929
         511
         640
         120
         523
         208
          47
         359
        1331
         466
         285
         991
         785
         296
         689
         649
         339
        1116
        1212
         287
         319
         687
         467
        1116
         327
         353
         140
         920
         177
         500
        1213
        1054
         169
         615
         657
        1290
         214
         783
         633
          34
         199
         287
         429
         202
         363
        1108
         706
         102
         556
        1116
         268
         583
         197
        1681
         736
         490
         997
         708
         306
        1042
        1366
         339
         529
         395
         413
        1218
         279
         119
         368
         745
        1347
         200
         410
         631
         148
         177
         590
         214
         344
         779
        1080
        1147
         367
         679
         351
         630
         684
         835
         705
        1031
         736
         159
        1031
         358
        2354
          61
         206
         242
         706
         817
         341
         152
         545
         447
         305
        1520
         494
        2931
         753
        2106
         412
         649
         536
        2437
         368
        1858
         496
          88
         346
         851
         186
         429
        1473
          91
         180
         387
         257
         809
         825
        2146
         485
         773
         677
         530
         814
         676
          94
         256
         466
         757
         524
         296
         727
         270
         612
         461
        1203
         684
        1841
        1413
         122
         389
         457
         166
         693
         689
         904
        1706
         509
         302
        1309
          16
         721
        1358
         679
         324
         323
        1024
          29
         446
         416
         917
         698
         435
         924
         797
         918
         576
        1104
         330
        1040
         667
         302
        1071
         448
          86
          27
         394
        1293
         336
         148
         187
         653
         785
        1573
        2681
         272
         417
        1613
         967
         356
         580
         378
         483
         407
        2291
        1389
         731
         873
         362
         158
         960
         984
         417
         850
        1320
        1115
         608
         618
         272
         173
         691
         699
        1272
         288
         671
         733
         713
         980
          28
         465
        1050
        1041
         283
         805
        1028
         736
         597
         732
        1595
        1464
        1667
         715
         553
         635
         280
         675
         392
        1199
        1194
         628
         618
         593
         584
         101
         273
         757
         145
         425
         560
         244
         331
         292
        1285
         628
        1359
         147
         394
         379
         713
          87
        1129
         662
         237
         839
         152
          78
        1292
         519
        1223
         516
        1227
         929
         107
          79
         590
         369
         811
          26
        1109
         605
        1180
        2588
         330
         606
         481
        1463
         909
         791
         291
         237
         657
        1383
         314
          44
         878
         338
        1359
         615
         647
        1073
         279
         932
         240
        2211
         658
        1895
         661
         331
         735
         333
         596
        1269
         384
         374
         950
         435
        1413
         201
         465
         179
         310
         999
         262
         821
         883
        1941
         636
         483
        1753
        1075
         335
         574
         899
        1054
         358
         913
         190
        1267
         805
         417
        1371
          69
         402
         928
        1860
        1863
        1602
         687
         309
         295
          83
         268
         821
         829
         368
        1085
         691
         483
         915
         886
         331
         288
         706
         817
         274
        1045
         586
         594
        1117
         207
         573
         884
         567
         593
          67
         876
         613
         392
         654
         703
         810
         263
         184
         238
         583
         644
        1340
         253
         699
         297
        1289
        2327
         185
        1415
         716
         703
        1407
         115
         708
        1302
        1136
         666
         195
         111
         208
         671
         299
         456
         631
         382
         187
         162
          86
         401
          99
         445
         616
         819
         366
        1028
         889
        2044
        1024
         498
         749
         876
        1199
         572
         390
         493
         863
         642
         949
         765
          96
         933
        1786
        1196
        1294
         400
        1269
         787
         667
         641
         909
        1002
         742
         335
        1619
        1023
        1358
         831
        1991
        1204
         661
         390
         734
         745
         115
         348
         250
         159
        1077
         456
         234
         763
        1006
         230
          96
         473
         733
         455
         127
         815
        1498
         194
         471
          37
        1006
         339
         617
        1254
          70
        1060
         311
         580
         731
         529
         184
         738
         601
          41
          66
         683
         726
         356
         688
         198
         980
         313
        1286
        1001
        1463
        1993
         701
        1870
          83
        1145
         693
         743
         517
         503
         631
         363
          72
        2122
        1268
         145
        1280
         920
          72
         266
        1178
         549
          64
         849
         419
         601
         795
         871
         125
         520
        1049
         496
        2183
         309
         420
         812
         374
         219
         631
        1878
         614
         907
        1114
        1037
         510
         662
          88
         639
          78
         166
         689
         713
        1003
         442
         486
         502
         586
         790
         582
        1045
         102
         260
         234
         421
         999
        1440
         752
         419
         927
         758
         461
         835
         968
        2723
         606
         441
         476
         494
         547
         352
         544
         826
         418
         853
         200
         686
         600
         380
         352
         172
         307
         829
         292
         760
        1494
         244
         389
        1338
         152
         267
        1288
         265
         342
         669
         531
         418
         661
         419
         236
        1119
         399
         144
         753
         389
         617
         141
        1156
         376
        1802
        1531
         337
        1344
         332
        2132
        1041
         966
         464
         455
         626
         107
        1357
         547
         770
         817
        1209
         745
         276
         555
         727
          28
         208
         292
         319
         744
         390
         344
         338
         262
         518
        3049
         352
         287
         182
         895
         710
        2992
         687
         412
         690
         460
         252
         756
        1521
         536
        1237
         840
         771
         560
         373
         821
          73
        1739
        1975
         332
         365
         793
         733
        1513
         367
         644
         947
         747
         605
         115
         318
         371
         780
        1793
         334
        1072
         553
        1264
         595
        1092
         667
         588
          39
         831
         168
         728
         648
         467
         780
         537
         756
         665
         811
         184
        1272
        1006
        1750
         390
         292
         389
        2401
         756
        1312
         526
        1112
         309
         491
         386
        1514
        1236
         979
        1345
         883
         186
         351
         676
         487
         511
         118
         266
         140
         289
        1241
         181
          36
        1278
         848
         136
        3067
        1364
        3714
         535
        1489
         324
         809
         222
         643
        1167
         767
         373
        1127
         965
         469
         162
         110
        2367
        1705
        1228
         803
         187
         171
         731
         113
         766
        1362
        1772
         206
        1386
        1129
        1666
         439
         573
        2171
        1101
         350
         577
        1322
        1098
         853
         521
         314
        1430
         713
         499
         715
        1479
         610
         816
         213
         192
         523
         787
          75
        1515
         277
        1405
         403
         535
         238
         472
         346
         854
         772
         673
          79
         689
         621
         864
          69
         429
         669
         381
         768
         380
         663
         369
        1312
         451
         263
         106
        2853
        1263
         850
         516
         143
        1926
         234
         634
         649
        2824
         471
        1184
         945
          91
         475
         279
         689
         751
        1528
         403
        1979
        1950
         339
         441
         191
        1603
         536
         233
         514
         557
         699
         659
         791
        1347
        1263
         982
         493
         843
         330
        2266
         797
         751
         451
         502
         722
         776
         795
         546
         653
         525
         786
         586
         113
        1403
         282
         681
        1233
         569
         743
         202
         431
         374
         658
         177
         105
        1465
         685
         627
         632
         659
        1347
         180
         251
         944
         367
         128
         230
         478
         200
         684
         437
        3088
         667
        1021
         314
         285
         567
         730
         826
        2843
        1163
         635
         259
        1625
        1250
          45
         561
         297
         326
         866
         357
         977
         868
         759
        1304
         865
         823
         293
        1629
        1216
         674
         740
         861
         497
         522
        1505
         960
         887
        1605
        1111
        2540
         460
        1128
        1013
         457
         946
         559
        1908
         182
         397
        1077
         676
         577
         474
         706
         223
         685
        1710
         988
         194
         435
         595
         359
        1873
         449
         106
         231
         540
          95
         550
        1279
        1193
         743
         472
         610
        1275
         824
         136
         506
        1243
         220
          94
        1698
         510
         925
         665
         713
         379
         263
         181
         779
         316
         613
        1092
         757
         729
         747
         806
         400
         346
         291
        1305
         292
         926
         456
         545
        1001
         241
         396
        1452
         168
         932
        1202
         909
         521
         341
         763
        1716
         541
        4719
        1679
         847
         700
         497
         823
         704
        1090
         294
         899
         189
        1202
         235
        1298
        1102
         282
         139
        2371
         360
         870
         661
        1811
         532
         720
        1064
         652
         502
         509
         957
         645
         470
         738
         343
        1351
        2237
         680
         962
         523
         485
         716
         624
         565
         700
         617
           8
         677
         301
         398
        1082
         965
         586
         411
         256
        1601
         336
        1976
         909
        1755
        2090
         994
         380
         123
         712
         800
         206
        1042
        1373
         603
         435
         755
         506
         154
        1450
         426
         325
        2302
        1170
         772
         788
         923
          49
         127
         611
         731
        1073
        1251
        2649
         421
         738
         196
         579
         251
         298
         521
         767
         302
          84
        1796
         261
          88
        1657
        1025
         624
         751
        1274
         943
         737
         339
          99
         986
         465
         511
         528
         146
         154
        1386
        1091
         368
         769
         377
         853
         945
        2031
         318
         252
         730
         901
         719
        2172
        1158
         797
         387
        1032
        1432
         329
         709
        1029
         294
          58
         544
        1166
         217
         687
         333
        1266
         386
        1177
        1232
         261
        2216
         275
         847
         479
        1182
         237
         152
         297
         191
         917
         381
         152
         525
         433
          53
        1105
         833
         344
         996
        1575
         355
         807
         448
         149
         550
         377
         324
        1009
         481
         337
          80
         118
        1186
         362
         619
         311
         711
        1353
         317
         372
        1053
         366
         698
         665
         739
        1187
         232
         791
         315
         406
         359
         261
        1415
         975
        1985
         880
         133
         714
        1422
         320
         917
         635
         772
         107
         949
         807
         292
        1284
         339
         171
        1517
         641
         307
         443
        1679
        2417
         397
         335
         627
         560
         797
        1137
        1054
         694
         233
         969
         109
         274
         600
        1260
         307
         821
         876
         746
         161
         819
         859
        1120
        1710
         719
         241
        2337
        1638
         396
        1389
         126
         992
         108
         478
         415
         728
        1115
        2399
         101
         616
         211
         800
         405
          52
        1239
         289
        1601
           8
         486
         560
         897
         293
         769
         948
         184
         724
        1158
         772
         817
         588
         695
         408
         969
         759
         959
         467
         952
         902
         685
         282
         441
         754
        1102
         565
         260
         353
        1800
        1357
         112
         362
         638
         571
         122
         290
         397
         514
        1575
         416
         731
        1557
         859
         602
         429
         479
         241
         225
          59
         663
        1354
         954
         559
         255
        1258
         614
        1122
          56
         362
         832
         155
         573
         784
        1796
         769
         708
         253
         528
         738
        2318
        1506
        1005
         579
         316
         214
        1555
         266
         700
         471
         498
        1023
         293
         715
         765
         911
           8
          88
         754
        1331
         241
         412
         908
         410
         609
         523
         259
        2465
         579
         438
         664
         253
         968
         881
        2153
         463
        1129
         777
         570
         609
         445
        3204
         426
        1160
         489
        1879
         520
        1533
         260
         809
         725
         859
         570
         914
         641
         483
         139
         423
        1205
         499
        1103
        2035
         272
         231
          74
         357
         389
         286
         601
         587
         378
         540
        1531
        1455
         633
        1174
         687
         381
         619
        1284
          97
        1401
         127
         792
         321
        1297
         760
         498
         493
         604
         413
          45
         761
        1536
         522
         215
         508
         733
          34
         668
         695
          15
        1092
         464
        1158
         911
         304
         529
         740
         354
         540
        2101
        1475
         910
         583
         193
         419
         800
        1270
         962
         527
         793
         919
          86
         518
         806
         814
         288
        1429
         611
         168
         868
         110
         637
         315
        1117
         205
         674
         647
         304
         150
         699
         585
         811
        1352
         653
         699
         667
          83
         599
         417
         586
        1465
         126
         320
         344
         692
          38
         773
         930
         468
         803
         659
         463
        1401
         381
         127
         825
         255
         766
         229
        1401
         689
        1294
        1006
         709
        1083
         805
        1655
         359
          70
         741
         172
         164
         540
        1393
         443
         307
         123
          70
        1103
         277
         588
         398
        1159
        1046
         602
         830
         228
         396
         964
         515
         131
         947
        1252
         657
        1448
         253
         554
         117
        1270
         384
         597
         351
        1197
         241
         819
        1134
         331
         692
         747
        1376
         462
        1004
         487
         279
        1779
        2019
         402
         751
         100
         764
         643
         856
         254
         300
        1218
         280
         827
         364
          33
         361
         224
         637
          90
         708
         447
        1179
         328
        1321
          89
        1658
         508
         351
        1852
         822
         766
         823
         542
         956
         244
         501
        2728
         653
           9
         588
         867
         911
         143
         745
        1005
         179
         229
         312
         297
         556
         327
        1310
         713
        1268
         126
         653
         231
         911
        1468
         649
        1403
         826
         600
          60
         106
         537
         669
        1279
         176
         721
         611
          76
         408
         134
         965
         387
        1317
        2466
         122
         221
         667
        1120
         860
         697
          78
         499
         768
         430
         124
        1048
         366
         360
         254
         658
         115
        1756
         889
        1453
         542
         619
         807
         612
         680
        1425
        2239
         365
        1455
         560
         685
         903
         883
        1309
         987
         843
        1007
         737
         773
         154
         594
        1210
        1164
         755
         236
         434
        1729
         677
         769
         698
         659
        1110
         651
         481
        1139
         938
        1939
         453
         251
         862
         623
         548
         531
        2751
         920
         721
         562
         889
         618
         394
         976
         155
         712
         505
         637
         326
         325
         733
         970
         450
        1312
         934
         215
         443
         452
         789
         663
         383
         222
         674
         646
        1025
         643
        1020
         420
         194
         293
         259
         618
         586
         776
         831
         498
        1199
        1692
         421
         704
        1321
        1149
        1524
         395
         577
         629
         894
        1216
         207
         271
         396
         352
        1043
        1200
        1115
         290
         546
         760
         437
         665
         429
        1162
         381
        1614
         872
         653
         794
         156
          55
         665
        1596
        1335
         175
        2301
        1467
         743
         301
        1206
         332
        1473
          92
        1165
         926
         361
         661
         414
         287
         309
         383
        1380
        1389
         744
         612
         994
         949
        1174
         296
         300
         740
         320
        1916
         743
         189
         323
         123
         673
        1145
        1197
         938
         305
        1037
         723
        1147
         785
        1270
         514
         445
        1310
        1056
         715
         687
         357
         382
         367
         820
        1003
         681
        1127
         920
         106
        1666
         145
         132
         457
         999
         985
         270
         892
         319
        1890
         146
         398
        1071
         875
        1060
         481
         101
        1047
        1644
         992
        1157
        1653
         239
         188
         518
         779
         384
         417
         163
         609
         260
         217
         713
        3771
         261
        1382
         548
          68
         744
        1376
         786
        1016
         428
         677
         921
         647
         709
          97
         275
        1190
         667
         980
        1590
         719
         331
         173
         811
        1313
         355
         339
         222
         295
         465
         821
        1365
         554
        1513
         532
         895
         589
         380
          52
        2205
        1341
        1777
         337
         865
         962
         499
         292
         622
        1351
         214
         998
         185
         578
         320
         879
        1161
         327
         346
         725
         886
         121
         809
         956
         301
        2648
         547
        2344
         569
         515
         691
         974
         321
         957
        1564
         805
          71
        1851
         541
         405
         767
          69
         615
         119
        1576
         639
         240
         233
         547
         920
         540
         835
         684
         353
        1334
         322
         737
         718
         147
         824
        1162
         771
         704
         165
          73
         663
         603
         545
         552
        1223
        1464
         488
         341
         129
        1285
         130
         323
        1270
        1518
         585
        3268
         104
         361
         919
        1934
         283
         380
         162
         702
          94
        1723
         256
         969
         789
         986
         262
         491
         470
         383
        1333
         338
         334
         558
         402
         579
         429
        1866
         954
          86
        1348
         974
        3497
        2107
         391
         523
         777
         736
         462
         311
         478
         247
         446
        1546
        1785
         655
        1523
         651
        1068
         871
         210
         577
         376
         742
         908
        1691
         140
         361
         219
         537
         537
         506
         102
         309
         343
         268
         719
         894
         240
        1033
         344
         236
         526
         669
          44
         715
        1101
         447
         212
         390
         487
         763
         733
        1634
         242
         913
         766
         619
          23
         909
         391
        1339
        1163
         964
          62
         716
        1700
         716
        1889
         625
        1699
         400
         367
         214
         983
         512
        1690
         444
         398
        2246
         308
         194
         555
         643
         855
         644
        1444
         174
         251
         400
         302
         809
         171
        1066
         733
        1372
         689
         186
        1676
         257
         762
         675
         193
         339
         354
         309
         207
         125
         887
         643
         476
         693
         772
         685
         398
         232
        1650
         219
         450
          51
         876
         576
         185
         498
         358
         131
         247
        1216
         347
         854
         763
         789
        1265
         441
         700
          33
         350
         432
        1334
         121
         742
         343
         578
         725
         711
         384
         794
         203
         332
         666
         835
         869
         343
        1183
        1490
         682
         930
         357
         944
         305
         523
        1733
         585
         379
         649
         687
         820
        1161
         884
        1341
        1241
         904
         793
         733
         177
         528
        1244
         126
         727
         500
         797
        1832
          79
         797
         683
        1120
         478
         459
        1897
         126
         828
        2271
         564
        1003
         796
         709
         281
        1014
         614
         112
        1677
         511
         800
        2138
         587
         743
        1095
         893
          91
         749
         491
         718
        1025
         614
         883
        1629
        1851
         632
         558
         983
         736
         409
         346
         433
         921
         313
        1059
        1103
         533
         715
         569
         919
        1268
         700
         582
         412
        1054
        1563
         378
        1293
         340
         800
         397
         311
         400
         112
         773
        2172
         871
         246
         695
         134
         757
        1482
        3180
         165
         492
         276
        2097
         878
         326
         696
         311
         897
        1140
         202
         713
         543
         957
        1266
        2123
        1778
         277
         755
         476
         764
        1142
         614
         604
         324
          83
        1110
          74
        1167
          44
        1115
        1048
         312
         367
         554
          65
        1551
         664
         221
         490
         210
          94
         804
         236
        1096
         548
          89
         195
         493
         354
         425
         710
         796
         919
         625
         381
        2892
        2026
         581
         521
         414
         931
        1195
         337
        1964
        1412
         394
        1674
         109
         541
         693
         957
         655
         206
         369
         210
         131
         478
         629
        1284
         358
         387
        1109
         376
         703
         791
         582
         645
         317
         709
         671
        1541
         736
         347
         535
         741
         519
          25
        2500
         916
         937
        1148
        1033
         693
         387
         604
        1645
         238
         185
         265
         921
         516
         577
         797
         734
        1008
        1006
         874
        1276
         878
          66
        1131
         515
        1054
         563
         361
        2114
         241
         256
         253
         739
         888
         394
         379
        1802
         221
         387
         711
         802
         779
         904
        1199
         560
        1140
         683
         560
          59
         741
        1358
         821
         968
         344
         112
        1301
        1196
         339
         189
        1259
         651
         824
         570
         385
        1041
         711
         221
         859
         624
         125
         318
         367
         423
        1292
         553
         125
         873
         721
         225
         352
         740
         532
         311
         210
        1876
        1145
           6
         159
         530
         450
         211
         387
         945
         366
         120
         576
         257
         295
          81
         304
         515
         167
         966
         230
         590
         878
        1204
         596
         826
        1178
         203
         644
         370
        1127
         253
         319
        2472
         663
         539
         792
        1265
         542
         884
         478
         849
         405
         705
         306
        1352
        2206
         756
         782
         635
         351
        1627
         622
         129
         835
         637
        1927
         324
         521
         279
         338
         556
        1324
         185
         642
        1272
         994
         598
        1325
        1742
         962
         951
         287
         865
        2087
         739
         705
          92
          67
        1400
         201
         101
         484
        1873
          30
        1002
        1174
         365
         181
         622
         309
         806
         347
         703
         570
        1836
         950
         833
        1155
        1102
        1186
         419
        1083
         236
         804
         753
         459
         228
         452
         619
         375
         348
         111
        1037
         521
         548
         489
         665
        1048
        1544
          49
         354
         299
         313
         233
         685
         838
        1210
        1221
         970
         558
          77
        1228
         632
         573
         464
         715
         888
         649
         268
         608
        1156
         484
         598
         187
         160
         119
         784
         449
         708
         757
        1202
          17
         625
         456
         297
         759
          74
        1151
        1823
        1015
          74
        1770
         270
         560
          90
         243
         405
         352
        1411
        1246
         757
         312
        1079
         613
         106
         646
         492
         628
         588
         209
         948
         829
        1022
         725
         618
         821
         349
         746
         535
         850
        1153
        2300
        1400
          65
         691
        1555
          77
        1002
         425
         821
        1820
         181
         782
          87
         749
         458
         522
         407
         436
         165
         636
         907
         743
         719
         874
         170
        1460
         306
         978
         305
         214
         724
         174
         215
         703
         524
         439
         274
         665
         257
         215
        1439
         126
         194
         830
        1487
        2141
         881
         163
        1150
         579
         321
         629
         176
        1475
         504
        1386
        1241
        1023
         124
         708
         343
         797
         392
        2898
         124
        2012
         701
         727
         659
         102
         320
         657
         509
          49
         992
        2209
         267
         262
         158
         290
        1393
         180
         850
         580
         611
         563
         773
         943
         915
         791
         882
         473
         505
         213
         107
        1838
        1027
         657
         843
         176
         110
         816
         156
         861
          56
        1135
         732
         224
         336
         270
         649
         683
         344
         484
         273
         571
         520
         136
         717
        1229
        1159
        1162
         913
         605
         278
         915
         754
        1206
         437
          32
         202
          67
         474
         342
         587
         554
         236
         630
         490
         343
          69
         494
         333
         163
         745
        1205
         727
         129
         616
         866
         908
          32
         413
         845
         237
         312
         899
         621
         272
         490
         208
         297
        1708
        1637
         829
         225
         300
         323
         453
         183
         363
        1212
        1435
         743
         126
         311
         657
         937
         724
         213
        1856
         175
        1081
         796
         197
          66
         642
         188
         326
        1149
         181
         575
         605
         550
         556
         116
        1545
         547
         356
        1241
         138
         806
         883
         371
        1540
         541
         840
        1975
         211
         716
         563
         382
         591
         145
        1319
        1158
        1038
         684
         182
        1032
        1030
         808
         601
         261
         836
         301
         480
         271
         565
        1329
         325
        1234
        1526
         706
         985
        1047
         632
         693
        1121
         588
        1758
         641
         865
         598
         185
         364
         985
         363
        1053
         883
         461
        2887
         202
         288
         413
         686
        1386
         254
         577
         536
         791
         707
         102
         623
         641
         229
         468
         669
         572
        1469
         772
         322
         834
        1293
        1285
        1079
         655
         903
         170
         383
         694
         703
         100
         433
         413
         273
        1096
        1625
         611
         301
          99
         623
          99
         381
         138
        1015
         485
         469
        1146
         704
        1042
         590
        1299
         185
         135
         705
         521
         551
         889
         367
         381
         655
         833
         181
        1570
        2798
         968
         189
         424
         663
         850
        1497
         392
         371
         712
         125
        1085
         635
        1300
         257
         579
         624
         565
         625
         427
         390
         367
        1542
         242
        1643
         859
         407
          95
         601
         963
         924
         609
        1024
        1232
         121
        1619
         653
         858
         640
        1175
        1086
         429
        2973
         224
        2097
         653
         738
         964
         877
        1345
        1024
         274
         562
        1059
        1020
        2546
        1499
         580
         623
         378
         890
         697
        1656
         551
         749
          92
         821
         717
         695
         817
        1550
         524
          66
         229
         682
         736
         663
        1066
         656
         813
         919
         540
         870
        1072
         198
         795
         388
         831
         453
        1407
         201
         741
         145
        1405
         439
         185
         921
         342
         700
         298
         195
         603
         632
         447
         116
        1306
         149
        1165
         605
         242
         438
        1143
         214
        2243
         103
         809
        1095
          11
         111
        1400
         620
         399
         121
         212
         718
         586
        1334
        1218
         388
         626
         483
        1195
         430
         134
          26
         222
         347
         920
         791
         463
         595
         150
         329
         507
         590
         195
         526
         287
         616
        1120
        1605
         525
         629
        1092
         567
         663
         553
        1073
         604
         581
         622
         474
         136
         236
         489
         515
        2158
         303
         414
        1846
         908
        1060
        1682
         136
         872
         115
         832
         268
        1045
          30
         868
        3006
         488
         478
          52
         905
         786
        1945
         802
        1711
         922
         423
         955
        1561
         406
         264
        1363
         424
        1102
         217
         852
         255
         521
         695
         549
         907
        1040
         795
        1241
         889
         774
         625
        1286
        1029
         745
         905
         190
        2307
        1682
         485
          55
         496
         282
         512
        1091
         512
         651
         922
         317
        1142
         124
         818
         437
        1283
         789
        1200
         204
        1693
         306
        1073
         157
         585
        1095
         305
          65
         175
         468
         781
         283
         105
        1259
        1747
         277
         593
         560
         566
         761
         225
         287
          91
        2052
        1545
         613
         291
         703
        1186
        1337
         798
         617
        1134
         314
         891
         564
         257
         748
         659
         425
         932
         305
        1467
         883
         271
         619
         917
         643
         284
         517
         475
        1624
         687
         982
         529
         152
         165
         999
         717
         217
         787
         630
         444
         829
        2615
         183
         926
         226
         637
         907
         152
         474
        1043
         525
          71
         251
         132
        2036
         529
         824
        2184
         767
         648
         602
        1753
         140
        1052
         713
         752
         115
         285
        1301
         669
         506
         746
         632
         453
        1507
           8
        1045
         208
        1300
         860
         828
          86
         431
         952
         609
         416
         777
         284
         514
         703
         701
         563
        1987
         573
         699
        1032
        1390
         505
         659
         715
         591
         534
        1351
        1218
         735
        1931
         234
         286
         514
         420
         582
         735
         356
         382
         807
         597
         314
        1159
         701
         661
         344
         191
         342
         534
         930
         743
         275
         316
         743
         391
         745
         502
         864
         809
         341
        1860
        1172
         543
         197
        1450
          68
         177
        1213
         384
        1907
        1403
        1090
         828
         189
         785
         260
         267
         905
         902
         160
         149
         435
         217
         613
        2018
          83
         540
         625
         993
         478
         263
         332
         375
         556
         124
          84
         729
         391
          48
         162
         455
         819
         684
         689
         187
         150
         556
         810
        1645
         120
         287
         334
         279
         512
         498
         675
         512
         489
         340
         498
         215
         870
         158
         773
         466
         697
          62
         851
        1141
         616
         670
         695
         627
        1755
         942
        1072
        1850
         979
         132
         711
         725
         711
        1208
         624
         762
         609
         187
        1105
         615
         814
        1322
        1835
         590
         465
         369
        1423
         342
         390
         456
         613
         390
         409
         938
         454
         600
         816
        2972
         311
         111
         172
         573
         748
         240
        1321
         667
        1168
         159
         646
         322
        1383
         516
         577
        1065
         289
         778
         379
         910
        1078
         837
         669
         517
         586
         628
         574
         755
         586
        1320
         850
         245
        1100
         420
         687
         791
         130
         622
         746
         404
         158
         293
         783
         572
         125
        1026
         683
         234
         731
         586
         276
        1321
         943
         180
         673
          67
         547
         882
         690
         237
         148
         647
         214
         253
         584
         341
         923
        1521
         535
         419
         722
         834
         573
        1047
         568
         918
         272
          49
        2443
        1204
         291
        1159
         200
        1521
         408
        1040
         572
        1196
         311
         242
         625
         221
         576
        2150
        1164
         357
          99
        1711
         745
        1234
        1204
         925
        1022
         260
         434
        2808
        1416
         477
         380
        1103
         794
         820
         247
         367
         129
        1044
         793
         263
         221
         836
         176
         172
         911
         672
         757
         663
        1284
         407
         474
         577
         681
         283
         277
         558
        1654
        1408
         493
         563
         767
         703
         570
         510
         749
         858
         873
         781
         283
         709
         734
         660
        1313
         717
        2010
         549
         621
         369
         979
        1252
         308
         637
        1674
         585
         550
         134
        1363
         308
         657
          78
         615
         248
         651
         476
         627
        1650
         403
         870
        1114
        1639
         865
         591
        1134
         465
         422
         610
         302
         345
        1455
         838
        2549
        1045
         687
        1359
        1918
         664
         559
         471
         646
         661
         231
         283
         415
          80
         536
        1177
         968
         475
         211
         401
         348
         581
         985
         895
         367
          88
         669
        1009
         145
         551
         481
        1048
         242
        1394
         498
         829
         883
        1826
         757
         253
        1470
         392
         733
        1122
         747
         835
        1042
         185
        2487
         538
         405
        1012
         660
         541
         367
         919
         759
         583
         217
         623
         417
         481
        1422
         731
         127
        1705
         282
        3267
         766
         694
         542
         795
         661
         440
          35
        1574
         751
         527
         297
         670
         422
         340
         454
         953
         278
         347
         651
         317
        1504
         712
         174
         376
          90
         265
        1363
        1911
         634
         693
          71
        1776
         726
         745
         684
         627
         537
        1061
         173
        1449
         359
         102
         474
         800
         114
         387
         696
         234
         591
         627
         734
         889
         979
         653
         459
         224
         196
         505
          69
         345
        1480
         506
         404
        1704
         639
         803
         161
          32
         440
         406
         506
         610
         739
         212
         777
         264
         941
         247
         920
         828
         248
          70
        2263
         693
         434
         543
         861
         141
         129
         448
         263
         260
         159
         347
        1877
         310
         699
        1018
         768
         140
         636
         464
         244
        1267
         899
         116
        1287
         963
        2549
         818
         629
        1832
         639
         692
        1025
         632
          62
         297
         167
         492
         621
         427
           1
         491
         385
         279
         417
          64
        1331
         742
         659
         929
        1874
         263
         195
         895
         181
         679
         442
         255
         373
         492
        1626
         465
        1061
         190
         753
        1765
          63
         207
         616
         296
         600
         721
         607
         597
         897
         780
         301
         941
         241
         153
         187
         917
         584
        4823
        1335
         137
         570
        1910
          81
          32
        1151
         993
         230
          19
         495
         481
         294
         483
        1178
         803
         302
         389
         255
         460
         102
         646
        1619
        1201
        1070
         446
         379
        1842
         719
        1301
         591
         901
         565
         311
         662
          84
         547
         780
         436
         735
          20
        1314
         283
         603
         258
         606
         445
         488
         507
        1326
         477
         249
         862
        1193
        1283
         212
         713
         592
         421
        1401
         679
         780
         114
         117
         344
         214
        1267
         799
         281
         354
         164
        1070
        1886
         664
         202
        1251
         495
        1031
        1863
        1076
         510
         692
         473
        1744
         227
         884
        1165
         699
         549
         731
        1528
         355
         507
         617
        1623
         962
         759
         532
         297
         993
         653
         354
         463
         870
         411
        2298
        3578
         966
        1466
         219
         394
         753
         227
         317
        1028
         554
        1246
         260
        1009
         253
         713
         595
          35
         192
         194
         780
        1045
        1039
         798
        1348
         629
         159
         351
         623
         302
         422
         334
         697
         266
         236
         550
         379
         263
        2691
         239
         426
         722
        2483
         755
        1312
         668
         446
         707
         299
         928
         625
         771
         417
         739
         916
          93
         752
         116
         595
         592
        1065
         684
        2121
        1435
         168
         631
         670
         382
         149
         687
        1044
         224
         849
         494
          54
        1427
          39
        1550
         155
         403
         251
        1380
         632
         418
         737
         743
          94
        1047
         484
         720
         445
         386
        1042
         633
         683
          72
        1579
          21
        1088
        1044
        1568
         126
         388
         460
         550
         911
         597
        1222
         193
          54
        2113
         625
         543
         869
         207
         466
         541
        1778
         995
         938
         387
        1769
         212
         747
          39
        1156
         559
        1065
         904
         503
         420
         622
        1649
         478
         763
        1210
        1940
        1783
          75
         335
        1078
        1620
        1416
         775
         827
        1148
         554
         520
         270
         289
         559
         422
         913
         536
         812
        1267
         485
         646
        1675
        1335
         230
          84
        1219
         246
         229
         874
        1268
         491
         317
         383
         391
         755
        1606
         340
        2139
        1107
         759
         591
         829
         713
         537
        1197
         817
         681
         297
         332
         380
         350
        2294
         375
         221
         965
         653
         141
         504
        1137
         639
         702
        2006
         639
         390
        1160
        2149
         843
        1233
         378
        1390
        1071
         252
         445
         630
        1299
        1014
        1981
         136
         905
         730
        1149
         808
        1727
         698
          10
         404
          41
         548
         388
         537
        1261
         931
         785
         156
         456
        1260
         213
         637
        1421
         495
         677
         470
         704
         275
         897
         111
         566
         247
         599
         695
        2373
        2171
         502
        1446
         939
        1012
         915
        2253
        1019
         313
         839
         634
         263
         767
         707
         173
        2050
         269
         118
         189
         853
         392
         241
         390
          76
         495
         591
         271
         955
         795
         537
        1048
         247
        2044
         219
         211
        1253
         374
        2380
         621
         724
         828
         203
         411
         481
         659
        1618
          75
        1452
         195
        1294
         234
         145
         429
        1526
         624
         946
        1209
        1514
         611
         350
         495
         159
         717
         388
         487
        1347
         197
         564
         759
         687
         831
         269
         186
        1873
         434
        1215
        1110
         466
         712
         728
         696
        1226
         335
         707
         384
         122
         450
         764
         542
         821
         906
        1858
         699
         634
         499
        1069
         754
         176
         723
         620
         851
         180
         190
         293
         757
         501
         414
         614
         630
         344
         539
         667
        1448
         870
         194
        1562
         770
        1045
         770
        1839
         190
        1078
        3043
        1860
         355
         596
        2356
          95
         521
         580
        1661
         194
         115
         549
        1387
         291
         241
        4104
         219
         222
        1293
         784
        2161
         854
         790
         257
         174
          87
        1087
         846
        1081
         526
         696
         866
        1530
        1081
         228
         868
         842
         370
         192
         171
         452
         474
         978
         761
         261
         484
         648
         168
         495
         395
         382
         136
         390
        1159
         775
        1906
        1499
        2494
         777
         898
         941
         569
         265
         342
         147
         484
        1983
         364
         531
         587
         349
         214
         350
         936
        1442
         399
         250
         651
        1134
         702
        1060
        1181
         534
         535
        1473
         268
         733
         534
         769
         221
         610
         254
        1058
         997
          69
         441
         275
        1567
         721
        1346
          60
        1880
         225
         917
         784
        2426
         523
         825
        1106
        1703
         443
         893
         555
         472
         772
        1587
        1525
         342
         567
         663
         410
         367
         370
        1163
         361
        1126
        1088
        1265
         769
         151
        1576
         633
         345
         568
         474
        2167
        1632
         457
          99
         315
        1106
         648
        1479
         443
        1619
         236
         536
         393
          54
         132
         401
         359
         199
         891
         761
        1146
         476
        1677
         323
         822
          94
          65
          92
        1154
         514
         848
         480
         582
         192
         207
         469
         974
          89
        1163
         703
         875
         378
        2512
         719
         759
          88
        1152
        1356
         456
         184
         310
         636
         163
         451
         243
          69
        1441
         761
         239
         730
         321
        1338
          84
         669
         180
         183
         690
         613
         837
         348
         733
         677
         740
         977
         701
         721
         134
         283
        2035
        1599
         746
         798
         678
         698
         447
         558
         714
         609
         131
        1652
         165
        1378
         408
         306
        1157
        1917
        1655
         115
         204
        1134
         975
        1233
         259
         354
         897
         846
         269
           9
         167
          49
         248
         632
        1836
         717
         786
         403
         842
         284
         723
         214
         686
        1086
         283
         758
        1364
         777
        1003
         275
         582
        1196
        1478
         451
         697
          32
         888
        1181
        1362
         440
         691
         726
         678
         854
         703
         722
        1208
         527
         843
          36
        1203
         473
         377
         166
        1560
         782
        1742
         866
        1359
         533
        1240
        1270
         275
         544
         810
         180
         123
         162
         679
         595
        1270
        1905
        1483
        1387
         304
         741
         236
         696
         532
         432
         693
         713
         629
         254
        1171
         936
         974
         717
         772
         422
        1125
          59
         933
         175
         618
        1354
         172
         375
        1219
         204
         605
         298
        1026
        1881
        1296
         863
         760
         933
         360
        1072
         546
         945
         665
         302
        1346
        1512
         660
         971
        1184
         388
         243
         393
        2618
        1748
        1464
         756
         647
          88
         618
        1495
        1866
         445
         940
         840
